"V1","V2","V3","V4","V5","V6","V7","V8","V9","V10","V11","V12","V13","V14","V15","V16","V17","V18","V19","V20","V21","V22","V23","V24","V25","V26","V27","V28","V29","V30","V31","V32","V33","V34","V35","V36","V37","V38","V39","V40","V41","V42","V43","V44","V45","V46","V47","V48","V49","V50","V51","V52","V53","V54","V55","V56","V57","V58","V59","V60"
4.78997698874698,-3.11655311293708,-4.66460408095231,2.50187320171599,5.61414895498529,3.39709144470821,-2.21926533963494,-1.74824619784691,6.84553744862374,0.428643896717318,3.01999778663013,1.19301702550227,0.0419514688169731,-4.97988206674375,-1.22880759157278,1.83973607157749,-5.4227986340311,-3.38910719793343,3.98257243059922,-0.458870525115049,4.35025607739129,1.06239200273731,-1.47583302679979,-3.37439702757591,-3.81773898344264,-0.667420843489318,5.13342199230102,3.06392192400578,-0.214354797290668,4.15055140081669,-4.19804567981463,-6.21126492513458,-2.68309701813675,0.541187276410406,-0.455585629659504,1.32867613523788,-1.59567523837943,0.631644347097504,-2.86198006357154,0.923687581434073,2.11580088096178,0.626090330600071,2.06548842201932,4.27869585687944,1.03024215826452,-0.620870427032493,3.21395790751153,4.16993703232873,0.510844336449595,-2.44786847363973,-4.85615137643137,5.74529908011452,2.16034920356785,2.08302093512345,2.38854600220013,0.820943727626092,-3.38453630736915,-1.11506788892674,1.74531153836719,1.39934890900091
2.05411315628771,-2.20685948469318,1.35637072018869,-1.90071641784325,5.39940103744867,1.74591665994425,-0.569621922760647,-1.01486137810881,3.82094865884621,6.55032471909494,3.04506208966315,0.272198923895173,0.276079554770781,-3.1957833948596,3.97656019211729,-1.28012950332426,-6.69903697731237,-1.07171665357263,-0.567012531576402,-7.87446784958836,2.98307890210794,-0.720254647217821,-6.57182033874596,-2.09325745901705,2.14749940867873,-2.5956650918523,5.77540628104035,-2.62195607034578,4.43668586722507,1.21905224583086,-5.12279880181052,0.2598579204774,-1.28794200931484,2.23834421583904,11.2473043945318,-0.263881655111589,-7.58703327055059,-0.519748515486229,-6.93091683277373,-7.03016196264275,2.6923785504626,0.650873628734127,6.94653982232859,4.17243129896529,-1.69910906127863,2.32533054851522,5.11910967195022,5.99011968486432,0.100910492217483,1.94753690412972,-0.795918359048179,7.40854703298692,10.2498141364852,-6.71314798758123,3.41621692470405,-4.62876513762929,-3.88191963097007,1.73635571233944,-3.93041940698966,1.01275231448617
-0.818288157290156,-0.539206393606755,4.0361269633931,1.88456025915765,-1.02910405861963,2.22635698391154,4.21186820677673,5.18885728820567,6.0419215131819,2.11398486003064,-4.97094090811809,1.1109560118317,-1.65095721898085,6.31749474313624,4.56334730792018,-5.14175308991793,0.543958361879344,2.34530503717869,-1.14762851808574,1.32025585352424,1.81427927599365,2.97630766432669,1.56696972028378,5.03116955490043,-4.58950194077929,-6.76087229488937,4.45848045205752,7.03064755940097,4.61072988244725,2.10243904346617,-0.422375666663693,-1.9550110078746,-0.843804295414169,-0.829662962252749,0.0702869440079097,-0.491328824119574,-4.01635236872617,3.805659716223,4.60474468380857,7.28772849130447,-2.77580163644407,2.70362193387171,2.68831158496292,-2.82623970845756,-4.01857869874391,1.62112354006532,6.24396316256852,-1.23340121595077,0.534842539050228,-3.62417700203253,5.73520067886731,2.82227750949704,-4.8747521453098,-4.12206182051219,3.54794272551577,-0.833269524541807,1.48078327420378,-2.70562937493259,-2.9536258988717,-0.822059227813283
-1.22198127924336,-0.753273275625861,4.37142258017229,0.40676304707579,-3.35071163128979,-2.29740097297419,2.80921861646334,-2.88928500461141,4.68320193790709,3.50907359579141,-1.94508711524992,0.10159425690318,-3.04500353703852,-1.8004271979382,3.00548992012884,-0.129852155667697,1.12372570541401,0.257153298268066,-1.72874317562482,-5.44070709458242,0.363231217909418,0.623157107863234,-1.91995392767639,1.49577290894292,2.81575383205654,-2.40913416159539,1.12193575244077,0.462293528900197,1.27992002110129,-0.712618400821759,0.676083361502805,-2.94905453774912,-0.769174219743797,-1.37252225243777,3.72790047826553,-1.20632583758069,-1.6281978113214,-1.97090066856257,-1.58756279807385,-1.06290813992956,1.82487031677161,1.78504380664218,-3.18333998074546,0.617813282352833,-2.35444389710684,2.63358648735427,2.47834476357133,4.71555787032452,-1.67149254950604,-0.0558347149974734,-0.571352817658863,0.282792653793251,0.333174004500298,-2.05581374180867,-0.753179651129982,-1.38917525134271,-1.67309382556467,-1.0970263577907,0.424412441134166,0.592738062485845
-2.36327016284993,0.134064447173071,1.36112944855112,-8.2159002839857,1.31429005747797,1.25069788383153,-1.60522836607367,3.0526957626739,4.55548462473557,6.13229956726763,-2.75749822276583,1.52398058384258,0.427753915610318,2.16684647066537,5.31735337727627,3.9465342695742,-7.22263385920009,2.78647232379114,-3.60832328141776,-3.07563288766687,4.33877006991836,-5.58708332702827,-1.35414590235676,-3.68508740041427,3.54166761902888,3.49193620107182,2.23057400265297,-4.07212718290312,-1.45228425675665,0.346023979234616,3.13935880545892,1.0489927331858,2.32393799701892,-3.36086219360564,4.25725380478389,3.75876750452798,-2.31630342469974,3.01949195112216,-3.18432012178554,-1.51176707750886,-2.12529914541978,-1.2166428849739,5.30031741207564,-0.0749788961623823,-8.54019738168397,7.9666294155868,11.3554025902926,5.03938237569074,-1.62309832265083,-2.463571293506,0.122453934655733,4.77296321900013,0.272595859551936,-4.08255477534666,-4.78461780397708,-8.78735238787863,6.21680859791513,-4.50026757402816,-0.813854516303735,-1.13756759082496
-0.711406755838656,0.16561362949395,-2.60191347469831,-0.218486371069829,4.88039097565118,2.22732834904146,-1.3655257556633,0.575754748844019,-4.4596272683976,0.582169789646695,3.7313023399969,0.389025886618308,2.03979081363611,-0.800437502920079,-1.69728400975337,1.12459939948829,-2.72863375150132,1.46593658994424,1.25581497648967,0.818497544512778,-0.35868351094677,-2.14010142308698,-1.21526373366396,-4.4997060372063,-0.132443218451084,-0.480623841189015,1.35371674681441,-0.518126795484223,-1.18353797872208,2.18445843188425,-2.39882915553861,0.719281464939204,0.745328912040624,-0.11229183431744,-0.622240157675726,3.67314958650114,0.273804771136937,2.92605556966106,-3.90601199459252,-1.30195693172536,1.0265222768612,-1.23388046809985,3.47835077840033,1.76022187978132,4.24587739983794,-1.36684071254842,2.42990904554377,1.55882652682712,1.12951583848166,1.74939778717674,-2.66205049323578,3.74012757833647,1.7744732287946,-1.75971921783428,-0.929750039213177,-0.336259664758271,-0.718491955005052,3.22023427488023,0.567919340925445,-0.169644562893945
-1.66296517253313,-1.57601761963155,1.35841154597017,-3.71215115183734,-1.57835030071317,-3.93877374568992,2.49602329838582,0.354482077258428,1.68743408985369,1.44549775095698,-0.553428529475172,-0.99929528290179,-1.50896430696879,-6.31099618548308,1.0801439215557,-1.1460166329254,-2.32531557950212,0.42682640784003,0.0482592542010798,-4.35472138001677,2.44881295334998,1.89758828287972,-5.16602200274304,1.20497331247717,5.09091451357384,3.86409400733776,-1.16504894580977,-5.80050031681673,0.282697209454913,-1.28177364472227,-1.76329008564177,-5.20592939874051,-1.1467077172155,-3.02039572924521,2.82601180484299,-0.647460285355955,-1.27209152601034,0.907501836415716,1.42757623730017,-1.23487068341945,-2.57111088159229,-4.17539131427748,-1.40456518220919,1.01914375328494,-3.12474634742776,0.702973902588737,2.53871611861728,6.26476523964628,-2.13526532037436,-0.683563019691284,-7.06051436166578,-1.57137856801948,-0.633326933100809,1.9287902089256,-4.71859495138231,-2.69238294867779,-1.0381408585042,-0.268436332545656,-0.193317630860342,2.74454544440451
0.295131017363328,-2.30030401198378,2.99362420216861,-0.099072100491139,1.81456301022254,2.3981360648653,2.43173474040586,0.00464506969044907,0.729370834064909,-1.21370003129486,1.56083234989118,3.09577854465241,-2.83074273852222,-2.78725353911973,2.7150051884198,-0.991857560359179,-1.79836328073037,3.15271157653205,2.69520107815691,1.00547397236006,-0.527170078328672,3.14424527706091,-4.32006476383274,2.18940231857755,0.58384414627581,0.569791528297314,-0.783348833766929,-0.180687208283707,2.12116027175974,0.947671149084921,-1.26255071097593,-3.72248534051635,-1.02401125681729,-3.41497420135539,-0.773538026867293,0.566273101824849,-3.23847318590349,1.55628781695922,1.94404565514239,3.27119083453689,-2.04240937027915,-2.25028226825859,-3.06476383878845,0.14698316482336,-1.81634466270065,-1.82488731940778,-0.489955527815589,4.90263985144239,1.33720459148895,1.06784087047376,-5.77168715592189,-1.7225017574697,-0.531491280734836,2.96682707693788,-1.26674835386193,1.63829135739211,-2.75305723166101,4.37690607083529,0.188362182017997,3.79077251988899
1.43814821576211,0.828006808543639,-0.0407840916798757,1.00727105111946,-5.21545303337862,-2.25603854924448,5.41029402767231,-0.0110307976388232,4.5958266755268,-0.0463230146881878,1.17469054005074,0.559884543474084,-3.12531522989594,-3.53603657279655,2.41095359944063,1.24357465368015,1.10068588401706,0.820941235087027,-0.843569665217684,-5.38479475909138,1.20368911307548,0.583461769133535,-0.816284383450849,-2.2064728168696,2.33671539093779,1.24987346515745,-1.20547801656039,1.24873623201644,2.01004889348774,-1.51565082646673,4.60702583839323,-2.74481307453799,-3.27103228244023,1.38007733671837,0.591173199464966,0.486375097971433,3.94115674511939,-6.53892568885084,-1.35726331076275,0.623696291913515,3.7288270310059,3.06873319858243,-8.77326921582811,1.83597798107482,-3.29000012755425,2.61445089615421,1.62475079009058,1.43933756413918,0.414898984959098,0.76774514135538,-4.0743813313289,-2.57977667839253,0.590695351834426,2.12097795334457,-2.42359258473951,0.883679000170618,2.10068521365012,-1.49172977859719,2.02187161554516,-2.638852151282
3.60893937891394,-0.939998310984385,3.13026528479323,1.91812593667128,5.34161759546723,-0.0771181630348521,3.74898622588531,0.0955416478742682,2.63880933007955,1.80537232281189,7.27113842728869,1.52645548776262,-7.03240231487328,-2.0234912922689,1.6998355857908,3.24105091671018,-2.53279072230725,0.783131301468418,1.5092991009377,-4.13975406566077,-0.631558085448965,2.82185273610071,-0.522345972053263,-3.91002422239552,1.6999127342619,-4.02707170312778,4.96758951803301,2.33533722464626,3.9313387672297,2.30410879713825,0.771471359755616,-0.857571575121473,-3.95199540269099,1.07841768571098,6.25991981168875,-1.50341593460783,-0.843408231885073,-8.39781570547613,-2.90340159944426,-3.34464154336982,3.95721203526912,2.75959857445841,-5.18030433122719,3.29803702000535,1.41870809435866,0.807252695439707,-0.244153970606211,-1.40105678776247,-1.20105906713581,4.40329959010124,3.45707786555629,8.25689109898157,7.3185400504003,-2.48185575844931,2.76810875764436,-2.99858110666991,-0.770326151024391,3.47144870868337,0.763616535891451,1.43499750705424
0.322257029200788,0.38794839329129,4.59086249945795,0.732944825252395,-0.274840327451493,-3.08846361824994,7.64679313613086,1.04115499576708,3.96518388969142,-3.80403542380858,8.61558254478578,3.2804603916524,-12.033890185276,-1.88162444933166,1.06875952831,6.13189655094629,6.69143148129066,-0.667357614231284,3.45800907608727,-1.71900909174008,0.923783414797031,9.40450314414908,-0.698554463895371,-0.234717825400959,3.28458474395522,-1.48736739146252,-3.10702986960164,3.4483971682031,-0.245104421230198,-1.1631196511506,7.0512397382056,-5.51040455491221,-0.477145264952061,-2.6925277475116,0.768431766211899,-1.72778650302727,5.72487950246756,-7.30014877196507,4.46592423055918,3.06533740418833,1.87581559638653,2.95207176318203,-13.1330004274802,1.96432100520888,-3.05426833193274,2.68979970118789,-5.19137654728214,-0.350900408217082,-2.53024658125868,3.52443791387323,-2.08795524740902,0.912596561469645,-3.33645221162416,9.10930421223812,-1.31959832058155,0.509660799158022,2.29889465598836,5.75731944699267,2.60696656362317,2.00902507476075
2.75988252312316,1.29661031501882,-0.255464828889738,3.77745759126841,-3.55160710270931,2.31906489644357,5.82369853014181,-1.35429075881252,7.79097050628001,-2.56546075230325,7.72497773261709,1.33829510067255,-6.30621097496354,-5.42468663446619,1.39208576731556,1.68616595844591,4.39088465332861,2.94007451643154,1.92976096341104,1.00147394591665,-3.77246407946957,6.88213151884787,-0.821429804722361,-5.72192635001971,-2.19975642716751,-2.74489513628981,-3.40908555111626,5.25427154751447,2.79792166708398,1.65334854910157,5.04894656707233,-7.36489045821867,-1.61223089638658,6.86667523529348,-2.38237113488189,2.1803382503334,5.22226127696595,-3.34291590286949,-0.438736877054809,2.27890041140789,4.93426635269429,1.28810874071139,-8.36417342611525,2.52839674955324,0.808647176367893,-0.277626498599332,-3.92155359222379,-0.330563255687598,0.505655078905137,1.2761228495807,-7.89457338554002,-7.2929360096099,2.52545871003717,8.50762077993046,-2.10584996034321,4.34958955026716,-5.32798992904065,2.34172886878938,3.08247689679083,2.45967031898543
2.23393670203369,-1.19122643551311,-3.75133876758886,4.80429289819699,0.238222947524383,3.15642579650266,0.771785109530093,-1.57746642055369,-0.508352316100844,-2.71359756185134,3.59118134642876,-2.16332254382931,-1.91775286577965,-4.24422305748606,-2.80594105734796,-0.0414416171597612,1.68209005915861,0.949229883557706,3.82472175690967,0.0862892403559121,-3.58121091447081,0.551181936590383,-1.9336018952495,-1.63390905987513,-3.25568497435307,0.247735158282704,-1.33476944767418,2.39560211577657,0.444719017004279,2.48568676981872,-0.353328026796552,-4.27977107167933,-1.88334727547353,3.8202835846962,-3.32190409573959,-0.441869503246497,0.581283440848032,-2.72673556017976,-0.277366463589568,0.797564695699683,2.391483624655,1.41674191800447,-2.98215129799124,1.71698443318557,4.08541367054644,-4.58130875672085,-6.2887587450624,1.48793406508954,0.92026953753484,1.77782755679914,-5.36140509750628,-2.93107700112178,2.49387947697356,2.04575563697339,-0.263206340803832,5.77731496363871,-5.87147863353439,3.19300997813937,1.10093215649535,2.29194130632614
6.592223348407,-1.58948777810449,-8.34732475553841,1.25924956592695,10.4624270640679,2.92616229947469,-4.21939475339988,-1.67727885745226,-3.99182700344817,-0.97422122168777,8.18069197241539,0.863721243774421,5.29795412657542,-8.76661906462556,-7.56230100523673,1.90480057431513,-8.94157832674792,-4.54723531062946,5.78358749562363,-1.19945626208701,3.84981745172099,-2.71095065888201,-4.41720288783493,-7.29847491595391,-1.82027504539276,3.24985138950463,1.336708412298,-0.471394182431611,1.8258959147781,4.78547177118342,-9.67426401011404,-1.75497343772797,-3.79299696833369,-2.96382942023702,-1.78473902946131,-0.697884746345182,0.197270628457001,-0.816364299617892,-7.55024539596296,-6.69477008849464,3.12933819025135,-3.36042863486462,2.35650334998947,7.03541294972956,7.32297544193726,-5.2291065576084,-4.10252117981874,3.6229066642435,2.99789833795805,1.19025298602059,-4.98239868633575,10.1601170212605,4.6593129944673,-1.34713270484866,2.10021630102269,-1.62166835716616,-3.83813522184737,3.47747831074739,1.70959458164493,1.21136212870628
-4.63311642633282,-1.19950013907548,3.19550105629326,-4.38336410461394,3.48126776020934,-0.290674858885495,1.59645056271515,-1.14697340216515,-2.28129711654863,2.45951712040783,4.11200825156786,-0.339662528965058,-1.12385794758058,-1.74086209329823,2.88196468936518,2.11204984272743,-6.20705499758729,-0.222861138178443,1.6813020542812,-4.5160724917254,-0.749306698899111,-0.844877296571667,-5.13645899374545,-2.97992453569615,4.63060572211804,3.94971489541066,0.112276976515991,-5.6467100037175,-1.4364182755303,-1.37867217325823,-0.090157623973979,-1.54928882681997,-0.14986741276421,0.109329190539307,5.81326069892749,0.99860649029008,-3.09463917472512,-0.67864919319644,-5.75894776526935,-3.4612902967816,-0.612942660257029,-0.26188941775183,2.8852169802078,-1.06985183545457,-1.25875711205171,1.63623533177533,2.41792162550857,5.54870873356393,0.946519369460541,2.90388711988921,-2.98854284277392,2.29730080834753,5.96652127364862,-4.90145118114318,-2.70382021076598,-3.71202509787454,-1.14173838363942,3.96706048516596,-1.59928161081216,0.815179424682008
-8.80241534520173,0.712778002154636,5.56879625891664,-0.252995984718408,3.12385219171085,-3.95900218669619,5.94624146377561,6.91000233833861,-4.1276915077406,-1.12282778095974,-2.0545054256384,0.691072252394969,-5.44153879851688,10.4293675622986,2.13911568331416,3.95862678528825,-2.37974658760934,-0.155138513101033,-0.425679515449225,-5.05412797668873,-0.49257802085026,-0.413460302727413,-0.489228671937255,5.2932754854646,1.88760826960045,-7.13067568529852,4.04650330238732,-1.77586874109105,1.41337810495448,-1.22526503135952,0.232713412624808,3.82318650430296,-3.56061098841428,-4.26305343174978,6.74155879676431,-3.64302998516631,-2.88236868913005,-3.19100992842897,3.80639904531057,-0.8818470265693,0.0895723071047669,5.6263350485281,3.00941268890851,-3.21543699763661,1.13405928962672,5.31820969311217,5.27538782879456,3.0123614988168,1.94405610198881,4.74982540806261,9.10089583416029,3.89302206400721,-0.776288522362126,-12.4469450604549,-2.61857672256547,-2.83206234006978,6.79041538149322,-0.0850645491970093,-6.74115682597553,-3.86230132780658
-4.13363379962586,2.82388800469673,2.7709115129429,-3.45860934948928,8.2398600354009,-0.0561264985223017,4.69412804486596,2.41142656625519,-7.86547631664208,0.386970933457088,6.79785572187682,1.92622867442006,-4.55453619594812,2.3867825357479,1.26725297141139,7.93720922986184,-3.55849497228779,-0.757179062340388,0.792997484468761,-1.91310930764874,-4.64947246771255,-4.97569534441924,-1.11148185591142,-5.02334060466573,0.236748132476472,-3.19993903919422,-1.61929651688136,-5.23562936288463,-2.03817969038382,-2.55392568420368,3.35271554694713,5.69454402775123,-0.529753103141357,-1.60871937584247,9.11806568554451,2.97083572740514,-0.505731926294996,-2.3369718840891,-5.09242421714931,-2.06669678260268,2.39648692630796,0.918392598171913,2.47878424954142,-2.3713834223424,3.25480481902912,0.111010047355951,2.7836989519745,4.65420351178169,2.94625157726455,8.42829966890695,-2.86022819674979,6.08943229138718,5.60034868921402,-12.3947565011295,-5.89396363163657,-4.014325877418,4.35256661737936,3.68170008095448,-2.13697426771092,-1.95967824614626
3.94707321808101,1.99175483191885,-0.796316822154117,-0.468660603875425,-1.73050809977819,1.18195229834796,1.20056393164581,-1.56819615104515,2.9069083797584,4.59174159030737,2.04141187597506,0.678471631336583,-0.581602911263483,4.91754881165272,4.02660114292782,-1.69380614418088,1.53259222171225,3.54274574032371,-2.3112272854522,1.7915929249526,-1.26614607660256,-1.46668991652101,3.77601002662793,-3.75934348098744,-4.55908127196075,-5.1460186216708,0.498208840716014,1.88038824842607,0.414985316281166,0.423714175406302,5.02526730758523,3.79297008107387,0.731392781076079,3.38923028601408,1.36017945007654,3.94357164075736,-3.05429726102142,1.39442673103124,-2.16753265467123,3.53147337059772,3.88121776067324,-0.440163112178959,3.47400958123904,-1.29099257455277,-1.88558797894461,0.331722979153219,4.37421090473432,-5.16622393297554,2.25873740216521,-2.14290400264449,4.15953699506201,2.12624289303476,0.136266196237761,0.221999993531473,1.21032882881861,-5.80842500660705,0.403173553531062,0.200721535980777,0.30736536252981,-1.69759626814895
-0.0213805755060632,-1.93343002494336,-1.60526788940518,-1.5977526404673,-0.833951184676595,-4.88249572482426,-3.40604281675476,-5.89759132345543,1.76740457799901,8.80375212064436,-2.80184662892566,-2.51344211593815,3.18269485052338,-4.28023472887752,-3.26950207063772,-5.26091348164025,-1.08353197710406,-0.332342293742917,-4.95830063298437,-4.40593450387237,2.95890529755829,-5.80184349825638,-2.06634969783264,-0.323256659068043,5.91060215236897,4.00463043538475,0.979892253174996,-4.09229869134369,0.31567833929838,-4.5897251317913,-2.11239340769068,3.19927095421879,-0.645612780767879,-3.28948745634981,3.48265504156611,-2.81965779653608,0.761245700893191,-0.289409123838097,-4.14971209804676,-7.46857828332103,0.74742471350567,-3.69071410101282,1.60350446833697,2.66855699910187,-3.7475085574719,0.169676857079225,0.209422334574632,-2.17305181142025,-4.06042620817555,1.42505916379618,5.13659058420302,5.23501553320088,3.27524689510637,0.608168655777741,2.53346521963394,-9.33232712153196,-2.75635727090306,-0.0788067435869125,-0.339468711280193,1.11830791043629
-2.19870703206568,-0.138902754126657,3.66895971196223,-1.16102798009884,-2.61987164185638,-4.4631405817796,-4.28394788970844,-1.0283045985256,-4.56911141118173,2.43283345169165,-1.89114944391693,0.0974039543506469,3.96940284663317,-1.68483359492094,-3.39393306104533,-3.54190025671457,3.590440210911,-1.36427972891742,-2.39940673825752,-1.3896871869941,-2.39431350471743,1.88260090401229,-0.00947364540523328,5.9130641927532,5.19414284117004,1.74381021550762,-2.5279785871055,-4.41000315174368,-0.593190512026923,-3.01459934821756,-5.35144261614576,3.11543207383145,1.00803561520327,-1.38500756450379,1.99597123967434,-6.21953201783519,-0.436553959839901,0.645120183389753,0.96027729043899,0.282831675690537,-3.47332335733403,-2.11564713081625,1.4116391161751,-3.69007036574884,-0.307058175910756,-4.61685269237448,-4.51493476025684,-0.535936344494194,-2.2586895225419,0.697567239422115,4.63644829629317,-2.97969037753268,-0.00694536956167457,-0.768377886530051,0.080894818483018,2.39809165090351,-3.8423704102878,1.85378655684618,-3.20711029037592,1.14111484472114
1.11858552841486,0.761658879262392,-0.245693060142429,3.08099221926068,0.947415597779714,-1.38730624444464,1.12749211648235,-3.72176959229034,-3.25715670893774,2.37003424088255,2.99640869518582,-1.24569836254925,1.37951983491442,-3.68391828673654,-0.695472803515415,-8.54408948420913,-0.210366272415309,1.26589686426368,2.56299115495716,-0.787055391181682,-1.04616503245304,-0.0254049935298707,-0.586378076753806,1.73704788729921,-1.32159173518624,-4.84401986514114,-3.21077698586687,-1.20303299456186,3.45772965192789,-0.0107354125145571,-2.9576470302694,2.81935564145191,-2.61186471320428,2.19336699967763,1.49165307458141,0.353351605623141,-4.38535709509408,1.96989611939817,-0.0840536640601517,-0.708763818125424,-0.370723492419866,-1.6718432382721,-0.389131956410261,2.29141039569283,4.37045343077595,-5.47769653011536,-5.23981604828366,1.27378835789897,1.38043203234711,2.98596389200597,0.0522882333338238,-3.38141783992509,3.94372016014472,-1.34060071236924,1.92670011888821,3.26874570670142,-6.45954435977419,5.00934413862215,-1.58727930709059,3.29259293314626
1.18208489990003,-1.88012699056172,-0.708021231856221,1.40149892213191,2.75390382113062,-0.707739925012766,1.05469702118451,0.268000678431186,2.20739390062238,3.33998850444873,-2.36232382204006,-2.37204069499012,1.95076640775306,-0.86297711648707,1.73092403406264,-2.04467551591833,-2.58858521758076,-2.63450860908816,-0.0800298526208416,-4.47113981085715,3.14247833469237,-4.31615205290489,-2.10707528488325,0.789900190428689,-0.315521867192118,-1.46551152322305,5.46547616010679,-0.740577156870561,3.76539090840744,0.41793308699976,-5.49709945626741,-1.415799833882,-3.59407338151427,0.383541556363792,4.0881707756519,-1.29666752021254,-1.66830341946685,-0.424653239165853,-2.98061071915896,-3.74930565939519,1.91217945846881,1.14099649573988,1.1774496391587,0.677662929301036,-0.698509775260141,1.4465367279707,4.48809191538584,2.29261863038546,-0.307717157378505,-1.21979045419912,0.553437336453355,5.50000782758398,3.94665051638192,-3.88573771311863,3.00976548955193,-1.40545843758466,-2.80243956767637,-2.00428845320458,-2.18047560454609,-2.12253150427423
2.8489460297148,-0.435680460972447,-4.84998836682284,0.608736912780693,-0.110195718242629,2.18954266337165,-2.35541532789725,-5.44461636471497,-1.21256276930738,1.0803895791241,2.40626262576296,-1.68258968196241,2.46480567490439,-5.08455432208351,-1.26696185446984,-3.28898645969813,0.309806477109281,-0.493901702456051,2.88947008625275,0.976219846185905,-3.35669411122065,-1.16700086388783,-1.33802939978277,-4.61819915047331,-2.61857833957913,1.97527535120992,-2.4939116775239,-1.75713016847529,0.0498897883384088,1.45163540443482,-0.764345339327138,-0.749706412722803,0.234118954640763,3.6455353873747,-0.891012384387888,3.12398808254257,-0.0436115152206837,0.884362148488113,-5.24069889168839,2.02249581340325,3.70317979275866,-1.01989465640957,1.5441260574016,2.38160039683809,1.57924866217698,-1.44739294618452,0.375429150114288,1.82894720985443,0.550378296040775,-1.88273319240806,-7.29476874408344,-2.79035216930786,2.50409187329369,4.23105444482597,-2.13511769441602,3.59271044274433,-2.69238395015218,0.196769394448055,1.14415709290329,2.91762101131199
1.12608609396844,6.53461613015006,0.285374635636387,-1.23010775359989,-5.30180068755388,1.21164181484031,3.16844035939369,1.44120416467015,-4.28103512419639,-5.55694392443282,5.44094257989574,0.908140694710033,-4.9577989858955,5.32341265127326,3.93482964421185,-0.439052407272352,9.09432956074211,7.02408524756877,1.12552667101421,3.96571012740235,-8.98071115209213,0.413601438890675,2.77560756368138,-1.97978854163608,-5.75955339706629,-3.34840606768662,-8.79973467973463,0.7760693742904,-6.06276367377687,-0.602889894219572,8.54714632209105,2.51972032472096,0.825372975266641,3.90804503820122,-3.65523407405772,8.77529508010667,3.66582729848058,3.23895880964352,1.84397883037482,9.28846636986019,-1.06859254776612,1.1634659491632,-2.86340932537879,-4.56415744822758,3.49293954444332,0.365927752804622,2.08706553068833,-0.54703375934684,1.4031295385691,-0.421861006429437,-5.67846039699657,-9.21324989075819,-4.21326259197066,3.37665070345824,-8.60372700898845,3.59723329603999,0.490224522092254,0.750463328609165,5.36216217873723,-0.0494990718671541
2.01083115060723,-1.48864207777857,-5.45818987514954,-1.27745700811097,-3.64350215535536,-1.72244732880359,-5.35501065120982,-7.37505296585732,-0.86165688886483,0.203588204351615,-3.25458390492468,-5.525556279707,5.88049274679378,-4.16095976355593,-1.55021250425435,-10.1539314560918,-1.31425261865898,0.170383374501608,-0.538271283933677,0.510499827853972,-0.567429439094207,-6.43972629228097,-1.9581167649804,-3.45130596875105,-3.25790547278745,6.23169671569713,-6.13594602123566,-3.66519611212311,0.292914121715746,0.650104939620695,-4.28548547427653,2.0017842561317,-0.963102902767365,-1.38232398737219,-4.9353832250027,3.69527397811608,2.46882089393591,5.51839967064792,-3.87333507259798,-0.849788131978529,-2.45876339061091,-6.11915390388851,3.96492808073895,0.90205278117256,3.18344853521477,-4.44639179302862,-0.126811872287264,2.17139842451857,1.52161406751649,-0.589415795996793,-6.02350790173327,-6.50925588489779,0.0127291691264771,2.14643331642531,-0.906334813370694,2.46216908265225,-4.55380208016503,-1.74337793481646,0.768861927632013,-0.915993689224973
-1.0419140238117,1.11627773985521,-5.10534519696411,0.404674063456393,-7.08764975914026,-3.05956472950077,-0.904345059434041,-5.92799020614201,-4.11649876099271,-3.59322167546203,1.35683771866174,-7.25822153765103,2.3850449197754,-3.5280446272803,-4.47096317423821,-6.27881698847038,0.458265543754999,2.8053593433325,1.20071242716064,-1.9342689511132,-5.47786983972903,-3.21944619714845,-4.02238481212768,-2.78719209142636,0.691890319485286,5.73617808477874,-10.9118715768526,-5.00019841491053,-5.03193591926174,-2.76177313308216,0.0198495792474176,-0.622908253189725,-1.8764214891658,3.74270397585018,-6.29369920188968,3.80081764078821,3.78843145397645,2.99892217663024,-0.856185031465374,1.27968088420667,-0.429682494821896,-2.10959963211078,-3.37133448289262,-0.567679944154247,6.34638516321242,-5.16652455968675,-5.04423114800037,4.4301874265778,1.4702610737817,3.49773230648842,-11.8790722889565,-15.2595394442832,-1.7145430269495,4.36367395896878,-4.46626011969355,5.90121597669749,-4.38640414364191,-1.04046587934998,0.0329946579894735,2.79330546844727
-4.28866758026825,0.811363766373282,-2.93405869097143,1.14120135877949,2.21010705328011,-3.28979336058925,-0.927558781223525,-3.25964465365676,-7.25678457657556,-3.99123143051711,2.95535973338928,-2.66950437056066,2.90521887410717,-6.80444485082478,-5.3220629826401,2.68055477422828,-5.66573777334741,-5.24646476067606,3.55553666836406,-5.65321249362734,0.969640734713184,-1.14621750455971,-5.25585041364376,-0.349479218222138,6.0808599279055,6.16084949722047,-1.46484091128435,-5.40342247768928,-0.747766428011133,-1.84074906092056,-7.28671433969174,-3.25853358421436,-4.74914393337286,-3.10538546762881,0.208447677452795,-4.12016385293022,2.61061649989947,-1.7059665527608,-2.17397299823426,-7.70720279425892,-0.620328451775546,-2.10836609049938,-2.4115006000514,3.50020047845868,4.78623277937396,-5.35672382721607,-5.25361448402346,6.46154848407966,1.25541724283381,4.72036693012227,-6.02720725068511,-0.441363288912249,2.3531160953167,-1.86198645624155,-2.21370008944818,2.40226777786178,-2.87956112954711,2.49942833052526,-1.05541905091502,1.04588662316644
-2.55562724547412,0.708791821290281,-2.56493609752599,0.33845225917709,-1.87924639487121,0.626888153790931,-2.99603226555567,2.00170260673941,-6.42077994754632,-0.0914492537367079,-4.45157593777343,-2.34128500961738,3.6997395180971,8.45944261955982,-1.21731934456739,-5.7986729320832,3.16332119477198,-1.00737937633377,-3.49300985554133,4.23919889217801,-3.98311646661794,-5.54968166206849,5.26080913361702,4.35098706234766,-6.25504426346478,-3.73836207468894,-1.11849048782774,3.35597438472654,1.59741067727494,1.52099246803519,-1.14210546125057,6.84824951786047,-0.0454787415339746,2.87692893526483,-2.81554461497314,-2.48116484814442,-2.86074567631576,2.6876306475866,3.06635780749048,2.42875296341552,-1.58224705497915,1.32513658831599,5.25210060931246,-4.7278239589499,5.35539681278651,-3.35646817253398,0.167324359752177,-4.09326805228916,2.16679873275712,0.269689531772997,7.52591717835286,-1.75940683517159,-0.955563882262087,-5.8022330676454,2.74142943081831,3.69319658731389,1.63589436044649,-2.79725506902236,-2.98069535411586,-4.37087719176327
4.81090633505688,-4.67137067119915,-0.573343626899548,9.04250393004609,5.47103293834827,4.02312228007235,-3.83070843246746,1.289769878161,-0.424437783797047,-3.19997261550897,2.50379065032733,1.62573803345828,0.355605321352966,-1.73510906684591,-3.4767513770038,2.05515091534007,1.04275335232011,-4.00423268920247,3.59075427985756,3.35454896537267,-1.92934858884769,7.53088467405021,1.10843785264985,0.479647069351828,-3.35650597054933,-2.39379598333639,4.71784756744767,5.50517883453081,0.874206711332917,4.25016010690018,-6.69884511644465,-2.58404145174,-1.21762988656029,4.70787896352283,-1.34668807523931,-4.79813164396033,-2.15284998199846,-1.76035621602031,3.1020962572152,-0.302233446798181,0.18366261035782,3.37355846272434,-1.09890811416319,1.129392779347,5.91128222752399,-3.98930850348122,-6.43778728159388,-0.451829218866294,0.684535749238955,0.0365139286379593,5.21421320456805,3.50531844977484,1.70479487274984,1.26131036365124,7.88061895077355,4.63883432659723,-1.66659697799822,4.61094536163718,-1.97570820900589,-2.75650060221374
9.49028300656895,-3.84383077607778,-2.49484306333098,5.00272872357763,2.74797186220631,5.61609927770005,-1.3343116002957,-2.04388328611282,6.61485114949161,-0.757626795363828,7.24573510531704,4.71851248195448,-0.960720924991785,-4.973395016626,-3.39774103436992,4.16681284424,2.849838811063,-3.03418096688927,5.00048696038302,2.62696776575206,0.872806082120176,4.31162805114908,1.17895473806289,-5.77451205852458,-2.93002632188718,-3.52305894953149,3.36566295210988,7.83071787141773,2.29546080842595,1.52958434922246,0.619175245997066,-8.8135033024832,0.487810507849801,4.49437002915273,-4.01736122701772,0.819220713678965,-0.338657806151587,-3.96656929924596,-1.45688998431719,2.21214439702108,6.27993988850313,2.199436241137,-4.36127473258123,4.72728770734307,0.937151500937527,-0.256423434063614,-5.42772987206879,-5.19524000223799,-1.5575195914424,-1.07236676468232,-1.10431341996405,2.46378168058453,5.21914970405917,9.37618043400049,4.91985085835847,3.44138130048139,-3.03557554118257,2.44698405616177,3.50598475092701,1.869048965713
0.414276866273699,-0.759815944073075,-1.06708438575823,1.30153433639593,3.1663443549313,1.60463097455995,3.75027089715341,6.03402524278218,-1.23489886102077,-5.24789782358926,0.923139652251867,1.14472836762232,-4.98850947158013,5.33433071458505,-1.31921501500472,9.61945927064427,1.12192244626703,-2.39561883224756,-0.147182475915477,3.77502547268134,1.59996849288831,-0.750064609417322,5.33781329557767,-0.827269782641265,-4.47903006689024,-4.39090339059811,1.14863409615252,9.22693815127106,-0.401857402359265,1.50970884678803,5.15687909740057,-0.965458366617741,-1.93672208030299,-3.40132996914195,-3.77421188587466,0.466008145668828,3.42331490759491,-4.77919931309494,2.59857516797597,3.36362493591919,1.35052720430332,3.94248959371581,-4.49822711269883,1.21794340913126,5.13761460365648,1.86055302596912,-3.25984897552107,-6.87132794952386,2.13942869393065,0.354047771779421,1.88174973350921,3.92727134105344,-2.00652267671236,-2.48502891113548,-0.772789735138094,-0.844224485622761,5.86347594020551,-0.695661455479986,1.79334602011103,-2.40629569938114
1.57926780021514,-1.98090175755145,0.569849171314641,3.78696365132325,-4.28569280317361,-0.770961726855736,-1.37963113227252,-1.26442659407291,4.69722102590702,1.27429347122041,-0.208337576715818,0.767063245179466,-0.000530363782917487,-5.84275584503381,-1.5166943883523,-2.52325574318033,4.74758616603949,0.220979698734793,2.23295734079164,-3.36200335595593,-0.923607646444276,4.8304497964716,-0.891072996551572,1.52372876517285,1.85625509433762,0.243690646132829,0.373237535925568,1.14142563050243,3.05544871476111,-0.35931459492539,-4.13968715215307,-1.07295913652869,0.588404714512354,2.58750372910857,0.793836130583676,-2.29681828439531,0.491115187891984,-1.23357947671593,2.26966457896257,-0.457429605011772,-0.0148334032555373,0.883995677043213,-4.01346696734651,3.16545181044286,-0.391011190034116,-1.34326023650064,-3.08781458028668,1.95552669355713,-3.35079654785343,1.17529248990166,-0.456843463346187,-1.20317536853905,1.37214392152905,3.81393515941214,2.8264650463518,1.75206511252528,-7.12728442466604,1.56798201908032,-2.41370186107802,1.02622650993064
6.16034146026831,-2.42270016710959,-0.257821723386134,4.07898419616216,2.03257692888777,3.26884935780439,-2.65502764385268,0.547705144514965,5.36616231061898,-2.27422165885096,1.79652851100767,3.9478496319127,-0.654699098929637,-2.72490813126658,-1.18968048334253,0.144595676957952,0.788901705810256,-1.9977141524725,4.8813584340194,6.1862457852039,0.453898932319966,6.05314705632788,-0.417605678394114,3.29225263936134,-2.20262914558805,-0.372747196133231,2.99978235274257,6.35113859083339,1.32640393606005,1.36754850993248,-1.08524440649282,-8.01518882536376,0.361028086429184,1.91967681814721,-1.93473848702106,-2.7192766863015,-1.48997940216604,0.310493578518325,2.55343845332161,1.5562279579008,-0.901485194020729,0.250689409892981,-1.54128093054062,4.40995009922212,0.195895554941986,-2.2621893994795,-4.87112389532488,-1.07689644255062,-2.06643531318479,-3.9585963970322,-1.29187440374414,0.558041891434284,-0.197463310567002,5.76512999756991,5.25407638389219,4.31416025934076,-4.14473236787199,1.82033182118806,0.39998387861934,1.75267883084356
0.0476474758980512,-0.301829816809314,5.00162078902562,0.161719920941431,4.26966043639862,2.74527060423271,2.21851940165171,-0.0593111289395314,-2.07255746470213,1.96674932462764,7.13605185993664,2.94896283524909,-5.60380456789052,-3.73985578335671,1.33640456238765,3.2394683009743,-0.924593329250018,1.66802365576231,5.42025820157402,0.0311957228556793,-0.838402821121608,6.42041923407089,-1.69294967133678,-1.34877439413366,2.46534567217732,-3.20133752628604,-1.90221079499326,1.43496012012905,-0.317534483043585,-0.396033089203489,3.16522760841212,-0.735887128568028,0.922885926571549,-2.89386875408494,5.55123212545633,1.84900448160129,0.604775359664813,-1.25202807627042,-1.36498285686212,-1.73302834818467,-0.160972466546625,-2.76932041385109,-2.86746541272776,0.657023334224661,-1.4362742298673,-2.41145781859456,-6.38497025847116,-0.012911924285868,-0.688663536364499,4.76327267225862,-0.965053394258856,3.99956200313303,4.37075305906912,1.9764936838767,-0.113525889814622,-2.16948403324933,-0.646173298834704,5.88922310960311,1.77600431210369,5.16127975305155
5.35881322166376,0.405139741047722,1.50308544886079,-2.70814486396846,-1.83680131641072,5.51066828620999,-0.91906171940811,-6.16538909596539,5.64455140237557,4.48500709566866,1.63713095382953,3.44023032269215,-0.388488258147922,-0.212774871787056,5.91185047163423,-3.55050639593611,0.714614873287404,4.1877401252231,3.12970522463151,6.12202188306956,-0.487427157365986,1.96621061551991,0.675454662754978,-2.51873332906143,0.524254134838884,0.968238921258827,-1.58575511394236,2.09673099940345,-1.9375884544524,-0.348111716527294,4.39011603986056,-1.58082668132272,4.86965131121004,3.35533135924601,-1.04741952461944,5.06148832488899,-2.38459811367519,5.53564275867258,-2.06896962142671,5.7254494752953,-1.40239016721506,-2.20147511465351,1.55668942918442,2.46618753593731,-6.50399728965806,0.568271900077164,1.92212394933761,-1.76006109867286,-0.278836483018816,-5.42249118108131,-4.21420603792489,-3.53108747628702,0.709284169921283,9.59675329903936,-0.649969533877761,-0.266871650550353,-4.66646915974899,0.574769136205108,6.87242518288722,3.67096983053837
-1.51601421248295,1.97268602058872,1.26999292488404,-0.00537079615586733,-3.46612610949189,-2.88066005091201,7.40922313238592,1.05327761739166,3.9022276677103,2.39291555258619,-2.80086964524153,-0.529203661366249,-4.50510069852062,1.17110359789678,4.63161068467701,-5.01258822195616,3.69567574828872,6.00087327647055,-2.56119814510094,-0.53437435362189,1.47080365078528,0.0279166375876492,2.03905308834084,2.46495201544203,-1.9742717731074,-2.6844133489547,-2.66634961655929,3.71487955631032,2.91823360622669,0.287268058411618,4.15282105518912,3.35108118816479,0.439228631499938,-2.69774438351014,1.70789747601445,2.50393033162126,-0.638451047913885,1.24309754679777,2.45310934466962,7.20513878930391,0.627003463475072,-0.579564861950355,-2.3002751103177,-2.99680560132702,-4.43350191037992,0.608633282008548,2.47823305560587,-4.58952221006806,0.7039871737416,-1.42506920814247,4.98625554095947,-2.65608355861036,-5.73543670539507,0.579418613516034,0.0981828943345585,-2.07404481504656,0.935406577013889,-1.02404033782713,0.273169503780154,2.10462047725155
1.3762484812782,1.16140131533825,0.269946322255356,-2.48718835280755,-1.73172999547064,-0.784426740100309,-3.19446133419454,-2.7448460506392,-2.77271595161355,7.05627165517034,-1.3718316295463,0.436180302860133,3.31930407272591,2.17346179830811,2.9237789527606,-4.57485265942084,0.244685187253671,1.93859498679721,-3.24512476288003,1.1429314187273,-6.53803476528485,-2.55008860435671,1.63054261085733,-1.44261150365793,-2.32927676356745,-2.65878268476909,0.063702705993748,-4.18676838945513,0.696346336424046,-2.71257044127187,2.25880404792976,6.66760950323346,3.84927606751126,2.83956027644895,5.82100094478892,1.03221488350353,-3.48036746441297,3.0885427877187,-4.10199320410072,-2.68496175116681,-0.50334843541865,-0.0339835597066225,8.27165262569653,-3.25112501702128,-0.147895555845106,0.340059123248081,3.6410328595069,-0.55839869713428,-1.59072322363329,2.22228541908091,3.81917914429653,-1.3097870937943,6.39977410279767,-4.74809678831976,1.23661184372291,-3.29158881099946,-0.975008235454295,1.11054972761803,0.0278592633082907,-0.618289446133097
0.354350083113771,3.87836736000157,-5.54588462303147,-0.435047538601018,-0.344104990281755,-0.265430294392617,-2.18547263861509,-0.391745661408269,-5.67417460795385,-2.72620971075996,4.92974474248122,-0.176968204342083,0.0306151055175828,0.856001292552415,-4.61224564362349,5.01111352732234,2.2365243996808,-1.67990506019178,-1.50413483039875,0.635397705536086,-0.572018222283185,-1.60269848845613,6.21420573561119,-5.94615225045412,-1.67521388208948,-1.86961230602865,-2.8951908397755,0.508665356108295,-2.46764242084147,-2.33312222695915,5.03120100239655,4.07821776672048,-0.580510698000915,-0.895920771161266,-4.04219199209072,-1.40144231385659,4.92218611790333,-3.84250299501075,-0.250139585275654,-0.771427515031944,3.33165689024402,0.196186642894004,-1.56106954160167,-0.0805313241671478,2.41661944716575,1.64854827037265,-4.04562282764713,-7.5726424599443,-0.938633953921594,3.71822043668338,-0.709172699614216,1.10716336931577,-1.51843161953576,4.23889299785317,-0.616513956352201,-0.799494258085824,4.19556728185601,-1.01664990480152,2.62906161308142,-1.33170185465865
-3.21604392506953,6.34616983982462,1.97734296411788,-2.61349408755474,0.817583780303345,0.0329723237782192,-1.65770078296922,-0.665191079914198,-10.0998442827605,-2.58843053078874,7.14633134761279,1.9158792771066,0.0236433455567926,0.541323745820723,-3.9687379278285,8.22652889535535,3.20841284970715,-1.03514209020166,0.211418464834583,5.00517617196809,-5.45706546404816,0.473174382991219,2.76718981731293,-4.64617807476153,1.54558575930364,4.42739134751704,-7.37039147793375,-5.39684624869072,-5.99792780789329,-6.49514372732059,7.5327574872453,6.57958111352934,4.05680623112179,2.68871577039212,-0.375142459656491,3.14505993625339,6.37798915269053,-4.15968780661278,-1.78889985104624,-0.311196664236653,-0.917616520739987,-2.76956783520582,0.129629637490572,-2.7306173312394,1.33573840859284,-2.26945510998349,-5.38358541338479,-2.88721874420499,-1.31688893606715,6.11598739358086,-2.34913372548699,-2.03713009810651,3.99317867725783,3.30693397473726,-6.24779430809267,-1.2714632030692,2.15114631197204,5.67741159649816,3.70425486601851,-2.22889536225704
6.5978720338133,1.5955979536576,-3.11888926397084,1.27554577036702,2.8168762470535,3.03413311334267,-5.14426674016424,-3.17632265971391,1.39560019742179,-0.141405168197644,9.37195228073371,3.42822343851287,-0.594606627837685,-3.75595946522063,-2.70317413147312,5.52506973192326,2.04047697895286,-2.04249700968614,1.0613083066703,2.7045977694266,-0.964269865741383,1.21560591609795,4.22556020724796,-5.2589676815823,-0.213340209415415,-0.122757788688534,0.19547582814215,2.25640524893637,0.070831405649696,-1.60502705466612,3.76601538532675,0.678004257798205,2.37913993151414,1.18087926245123,-0.0657969840404002,1.39550578328851,3.47959034380629,-4.24431238229974,-2.4621670351516,-2.2486977634361,2.52286484239604,0.100159491270896,-3.46848368659997,2.5591916627999,-0.304137863775442,0.318140557620893,-6.28468257668112,-7.26278017529792,-2.37138615109607,0.332557957445455,1.05168151212045,5.35053413715048,4.25058410581,7.87225241367531,6.34394303285204,-0.0185108739356546,-1.65641974755092,3.28398649939197,4.06289543796435,2.11275966423636
3.15834877652405,-0.0808143517456362,-1.1191588979009,0.102024045648866,1.40502404778079,2.14232644630678,-2.10382412610667,1.33261620592142,-1.74462407748052,-3.02523429671272,1.5793030877364,0.387282126728423,0.136837758540877,0.259443265554497,-2.08206260849461,2.82300230978461,4.11222735881318,-1.29615120849577,0.0546022163361237,4.07778060425379,-0.319243292131043,1.10791321278378,4.89856431353413,-0.0412486061462578,-1.09235983985852,-2.16960573034684,0.215184318382275,3.71540233498145,-0.470869937641333,0.910860254656867,4.06408021175502,0.918548597189982,0.845100847900636,-0.677692830104447,-4.05817556093386,1.48189922841346,3.01507525625522,-0.116991958295037,-0.489374449955504,0.935349177532914,0.686908305717436,0.195368620246527,-2.57631166557257,-0.357787663776264,0.668196902407187,-0.376662968165091,-2.72374779295049,-6.77545576737343,1.21698319614917,0.445371597702616,3.79522696051166,1.85955888927747,-3.72615826601415,4.09692922952333,1.49807342864401,-1.0001801958648,0.478904723555477,-0.742365041158457,3.52251518232709,1.42422778459566
-3.20350321232152,3.52534059679524,0.114720475799204,-0.639305199446209,-5.16630752915247,-1.18034161321207,-4.58251563680359,1.100687684084,-1.25875458522445,-3.88476354315245,-4.5527078729837,1.24322598216717,2.8429010704515,2.25373766302304,-2.79239250090273,5.004688074057,0.694813938299808,-2.14457701302794,-1.81787091339727,1.33381128256349,-0.601841354530617,0.259935636787088,0.210413943854313,0.933066827690951,3.90964353748639,6.62863585226852,-0.385866792579647,-2.52170430924865,-3.79201288433341,-2.6396976009482,2.20896689306039,-1.99651008303192,4.43706079580296,-0.177770912787942,-3.18457328107771,-3.77670933699498,4.60474090729494,0.614039949787734,2.84635672285989,-0.465829003784241,-3.95649952171507,-0.419585853138572,-0.235150837045862,-2.44288138591881,-3.14050390846253,2.63663375723533,-1.26246428946118,-0.47619646741808,-1.79480015931108,-3.05351714041521,0.561132057665498,-2.5011890188313,-4.38491837726004,4.83254214310436,-2.57167977498686,0.802059246280855,3.12294446378963,-2.92163228528141,0.766568032710023,-1.12833302658117
-1.12726428875216,1.64739145970655,-4.51285467136469,-2.59039975319204,-0.143226107933239,-2.5003603619937,-2.25412301448669,2.82333262175218,0.425046714928305,-1.27001829257025,-4.95951528261121,-1.49397852045902,2.29533378922373,1.64350491326591,-2.16079195155771,5.37413898730788,-3.53447825092315,-3.15440901686352,-3.86371223190888,-2.74376321977927,3.44706186605781,-6.52301230159616,0.782476314674082,0.257307523429407,0.810129026928251,2.44216743332335,3.64832807140258,0.525044475680912,-0.592980198131144,-0.863985656791429,-1.37722869580784,0.39159555578983,0.133607845649482,-0.950438536844253,-2.21566795272956,-2.19211652661669,1.53449572889694,-1.59720691380191,-0.579469517406654,-2.11538979619522,1.96302830617336,3.1634921423964,3.084053610818,-0.549751002995411,0.192457712052116,5.05291516852152,5.21690972130081,-2.51832852651422,-0.580170237119386,-1.00074670534693,4.50455782656658,3.60345326076268,-3.15482702940031,-4.66552863342597,1.19398180579068,-2.07603520884089,6.28828361401066,-4.23123261807778,-0.292294096773034,-5.1740633041648
0.238599250881542,0.0339911671911293,-4.72343939598097,1.35268296170012,1.99056110363739,-0.138462713538829,-4.59692259512903,1.04225845888679,-5.25854249095588,-4.43679159008671,0.211142852201521,0.379989355076944,5.36543508882969,-1.05774362839947,-6.93237477535374,4.2065893968418,-3.73016306535315,-6.23589964539668,-1.72192203445748,-0.0765792118457117,0.140763509947423,-3.13058632115519,-1.53802661689286,-1.70278251089102,0.937832585965687,4.63878109876173,0.0284947876620524,0.267305749483967,-3.5228527728257,1.66254459233748,-5.57822155862356,-0.161132042406859,0.968968128293619,0.545581946418557,-2.21340333447945,-0.0114353125369089,3.33341528573936,-0.393760620569053,-0.634465192005609,-4.76645319593715,-0.258080925242878,2.76761710188229,3.25714528116662,-0.172772690098121,4.56046892364375,-0.960879453684858,0.0423701268339479,2.95176553851733,1.07282278481625,1.48965843862723,-1.3372616906751,1.6394178788854,-1.0026326263663,-3.72971497831758,-0.987913083017353,0.413835345221669,0.655036025840686,-2.86681188918663,0.430317667834758,-2.96071292685879
-2.59305144096133,0.532356394011259,1.3295157063013,2.75649189053726,3.70537737449317,1.64116445143528,2.86016657177223,1.63530479540886,-2.48747577006632,-5.66392318438425,7.79243406189052,1.67183990944398,-4.86189758874807,-1.3057273277368,-3.13451538462077,10.054428301138,-1.42573961290148,-3.91263774356548,3.03655119842502,-1.91208438934709,-3.73718923011119,3.79461434125186,-3.38845535479931,-4.79577033586622,2.42843329804981,-0.770766783541237,-0.262473624997414,1.14046748963737,-1.01466207491047,-1.53229774294755,1.33568641472023,-4.7858437324246,-2.45688812226315,3.77545586382086,3.27496877414317,-1.94472486068606,2.94838678749062,-7.42970404450166,-0.0891418508283909,-4.62900195348126,4.36071370227599,5.9329698119753,-6.15599162629053,0.0112022938204703,6.39470749637965,1.5964265701148,-4.33354763470715,3.59816016641375,0.64531001835514,7.51549747626691,-4.55620275059118,0.0608809446072394,0.155259962017286,-1.2697491891742,-3.76103815701591,3.25756028295129,2.85789423108964,3.3374222473931,0.0385614100285276,-1.47582027943409
-1.89872054805655,-0.587993819318345,-5.18021740430175,-0.433611374582913,-0.315820402187936,-1.81844500761072,0.526970099152171,3.20091460216944,-1.62154179476033,-5.83031527350773,-3.16346274135448,-3.48140196459091,-1.93538098503923,-0.665929581015634,-4.42965706973141,2.95050903076909,-0.99125526037115,-3.92357639759707,-2.1751833964784,-0.839289840072129,6.77283896447792,-1.66661275323957,1.06332669781403,1.11895537470994,0.465523673075913,3.58554719316553,-1.71672639004482,1.30132709717936,-0.0442891938126243,1.563028239595,-2.10164144358628,-5.0297450045003,-4.71908231789446,-8.61698586229224,-4.77748771722111,-1.38515464156215,4.70898035009681,-0.301542698317853,2.02090004605381,-0.217338445891976,-1.58973835214141,-1.94681880254602,-3.62900681383888,1.57724072232109,1.08110556452512,2.34623619798643,-2.20638035360903,-1.65155400307422,1.85010975606483,-0.251755944330286,-1.55334000353934,2.96252502904956,-7.72212128204153,3.24960027913865,0.821371160035105,-0.88381958675872,2.23136245154153,-5.15044222762305,1.16845282292662,2.1565544093339
-5.68034936547683,-0.052991077455971,4.2655384141701,0.2078328689079,4.50596110337051,0.271170498427172,7.58255163564297,9.86762963622085,-1.44970714160795,-4.8357758234341,3.06809188721452,4.4484533729933,-8.45525941648565,5.7737462804486,3.03023154991232,10.3640790764605,-2.08134862870759,-3.7154772632378,0.261850347088115,-3.44009663120656,2.89583895978219,4.25445046364538,-1.41745493900795,2.2275100696947,4.39265573814489,-1.1511395228351,5.26320614654832,1.32320566222858,0.249979248831303,0.683597969007628,3.02666984062464,-2.85549266597193,-1.15096271526546,-6.68033633508278,4.72916397650007,-2.37712265592386,-1.13057412913221,-5.79205916560563,2.90249572257727,1.00640146735257,-0.681923386580257,4.65299656808546,-3.61588738425038,-1.86561899697059,-0.0115600714612398,6.32594326379666,3.03517550504182,2.77556010722233,-0.453549836730287,2.67507486890475,2.41870437541263,7.794194262636,-3.00466053574495,-6.4646544783897,-4.68231899893231,-1.80378493910238,7.7980669741864,0.00253648178556498,-3.70530575327532,-2.03923508951123
-2.89542335082368,5.81492995259929,5.06500833391379,-5.74472523704737,1.48377752078532,1.74175633006254,0.399384263314209,1.63443981698737,-3.09875010441019,-0.36038073520689,4.65392047906952,4.17301736061025,-2.89287813200345,6.78133032045111,6.94678409243177,5.08608982589117,1.61833441202837,3.78514803700719,0.903562961839777,2.95172672658191,-5.15010195966076,1.96570153562388,0.976579622524214,-1.3715922381878,0.727806124070269,1.3072855798146,-2.86930391361229,-3.85992284418307,-5.01021264047916,-0.372570035526998,10.7192001854006,1.49564842501648,3.98078657325127,0.850544608606562,2.4538933552352,8.58349942234543,-1.5894909093029,3.09408524922136,0.941658400963705,3.03460825227735,-2.48864165779034,-0.256184570921396,3.63487379018598,-4.91777995511554,-3.00685051568788,2.80346077745477,5.68215188246609,2.68357862995579,0.83539868500742,-0.508172674621652,-5.42483477761016,-3.20658747441573,-0.728712970533544,-1.79239734450628,-7.92676498549128,-1.73151317249458,4.87433169042765,1.74628992110363,1.73133779381712,-0.387628477815417
-0.562338347117719,1.38169450250092,2.85501008483953,-0.893614109917622,4.17778030078505,4.5661475759451,-1.35429519999479,6.05401397415292,-2.89213847397084,-3.08602704444422,5.47652971234456,5.28657964544894,-1.28938054606425,4.98548390479523,2.00299176472985,7.13481196093575,-1.80700886991519,-1.52851806728584,3.06202065870011,3.28654099101117,-5.2170762313777,0.919863641022574,2.80212889722643,-2.63744897190006,-3.31739694390943,-4.18869969542415,0.227445825213748,1.46157510191208,-1.94682941321647,2.48567698815598,4.47681732647145,-0.317067163044453,1.59811951350204,4.15725226698484,2.50923067638176,3.02712396757584,-1.35637209111729,-1.57041332720042,-0.972087964885282,0.132237296242693,-1.3951612155184,1.66974440252749,6.09264774980286,-2.43931605096872,1.8178157620817,-1.40033422521021,3.43214587904938,2.17100503259886,0.457829123165728,2.33809915837587,-1.46833514271081,2.66398485628297,1.78143357214091,-2.66909494460235,-3.66877167903265,-0.724607170055437,4.80294898613666,1.10926005472269,-1.23347885084691,-0.259473358383874
-1.72783650009286,2.01199104185173,5.72735528581724,0.741489082031296,-3.20005767738763,1.4248212967367,5.34185872629995,3.90346765372805,6.03689765935459,0.0896314305465756,-1.28419694468514,1.36649094859137,-4.93316272532121,0.108547037677641,5.33738138957882,-1.69686004355295,2.07410138006643,3.29146057544306,2.41616811175264,0.928534809905875,-0.656412884590309,3.90644962607719,-1.9703801210045,1.61388967999507,0.115408536272346,-2.93305658573826,-0.631229933693016,2.21607034675666,-0.407918043800499,2.7578720885396,4.94834736306127,-3.79412735509994,0.672310486245526,-0.348204063691095,3.60084135736697,-1.20077033971285,-2.13398018321346,-1.19714718411752,2.24762336780869,5.32032165445721,0.0955295229701237,2.90597172282352,-3.83656271774648,-1.26030371888761,-4.38727749116398,1.61607242153353,2.54248048716481,1.84316683876789,0.361864352836535,0.11232163060096,-1.64371509571095,-3.68990254876996,-2.84430128015412,1.26482901013429,-1.63521972438773,1.5308566886251,0.268894104107462,0.056588472590336,0.484593499222023,0.0360953909538601
-0.270325532403797,1.01795322990787,3.11075863019747,-1.5579265742282,-3.98963585825427,-5.45528221561989,4.28342119838216,-2.42267008110179,-0.617791516857399,4.08648058918102,0.222873672143496,-0.551001240227152,-6.49624652621305,-2.45000187731802,2.31015541706197,-6.90135741614957,4.18383940646039,3.87321955223068,0.0283198683880653,-3.18472101267711,0.659905925374489,1.48479353788184,1.03056902583602,0.939687384534862,3.09754451638131,-1.55966306839624,-5.57724165910671,-2.00475608815002,2.40839519058256,-2.23120141999575,3.70217617255785,1.64806936752638,-2.70171373894242,-3.85877663379472,1.08938183008933,-0.994247890737886,0.342098247255618,0.358707442969448,2.20292818765517,2.96220310861695,-0.901022257338836,-1.27788120651527,-6.12492023836947,1.50120800354117,-2.70817718575513,-2.36868494961278,-5.85149850090464,-1.62455107826991,-0.586214754271526,0.756361133570138,0.112430621925238,-4.5987264746765,-2.54132062346609,3.02055955817624,-1.48017586397564,-0.835935198557501,-2.46427528446625,3.51587203414064,0.553743508528173,3.25551157511517
0.244443801503212,-1.15131971151999,-1.58566472537043,-3.95222703738999,6.25673294407293,0.649250166487244,-3.52105852420339,-1.34592150329043,-4.57234422048928,7.3190347194556,-2.48612837825186,0.152546879621276,5.77722832167053,0.9518921203189,2.95990937905159,-4.53709927193531,-5.37836771408338,1.60548895351096,-2.53254938295931,-0.184300486245298,1.12650964031104,-7.14573538311316,-2.87876448510402,0.724537043651366,0.387939236583197,0.805356716218363,3.01263004877201,-4.7762603823773,-0.0815614197346609,1.63093122064402,-5.77817070273142,4.93450708886429,1.19928129533632,-0.521061919146826,4.35772303644668,1.43165532466909,-6.00689189936318,5.30119260488772,-4.9334026449382,-4.25468193485921,0.0435203465879606,-4.53035543266839,10.9761854675412,-1.39848584631104,-0.837972868995898,-0.0283763817977564,7.47579988216727,2.45962733811253,0.12009969391574,-1.72021711542876,2.98033710291515,4.38088228239682,4.51894614800498,-9.20242603874718,1.67701179878058,-4.46198949116366,-0.551902046967194,-2.37406041018734,-3.32734543335999,0.126900383904841
-3.82174374852661,2.05496654344032,-2.05864448093729,1.30983960846378,-1.35806811294807,-2.54905262787746,1.91715408629168,-1.00123513101757,-8.66068281379253,-6.13921247762421,2.68990893650502,-2.33591031032279,0.96507762703353,-1.56526662140866,-6.27683614280109,-1.47370815447694,2.15621917325397,-0.0952859399313887,3.70523321419343,-0.685705553183658,-5.74635027129777,0.721508087151351,-2.70258823295841,1.74299868907988,-0.168250572352673,3.00023851814175,-8.51881384926256,-6.20843343997259,-2.61694534077919,-0.719471671592968,-1.46629570907642,0.0974723663528075,-2.72964665955624,1.75377345246888,-2.26530752387606,-2.00714472249337,3.3807740192738,-0.70806902185813,0.880757296416335,-1.17463736890418,-1.7080548954129,0.374283160002881,-2.07821616481651,-2.34514971923814,7.41712705879023,-5.38496213489589,-5.76052594804353,5.37138318190238,2.22817053210772,2.76626895822041,-4.76466615510524,-8.10775561401692,-0.684692210940015,-0.68247374919951,-7.89626110928693,8.81500944126729,-3.16154376612661,2.10973386798148,-2.63987912272247,-0.578697500536518
0.311318197577625,0.0393016284012184,0.691370495781739,1.05940925796146,-7.32646891899729,-4.3726135954437,4.99037256644888,-0.539094946664016,-0.408812662192441,0.565588658427084,-4.3500801454382,-3.9146101834471,-2.28256893283331,-0.636483266435495,-0.280127395869862,-12.2743829834687,4.86603932120167,4.28702080062865,-1.54918779914244,2.63921026647897,-2.79276121067583,-0.0505747184760379,3.31443381138355,4.4367987318606,-2.48341845455399,-1.84457020118948,-5.40170801802814,6.4497991004662,2.90158805972081,0.256701666527916,-0.19458057244384,3.19850747141126,-2.24859238720834,-2.23929165107347,-5.09883507442484,-2.83613823623151,1.68732418888832,2.76287667540233,4.40369650704593,6.37248489282318,1.02159378230992,-1.99754759050472,-6.72320260748845,-2.93625268429978,1.15905808018551,-4.16743163491466,-6.32556201770086,-6.5598957328876,1.64565749935486,-0.77321870852713,4.42786682045972,-8.36850098320103,-4.888155432272,4.0690900535395,2.33059130139788,2.78514011039971,-3.50670693436863,0.509174838508033,-0.701805018581022,1.43001198459203
4.75162026151868,-0.418211823989744,0.383767956321948,3.22312692224251,-2.72634191347925,-1.21131141148718,1.62125203963944,-2.21067078687958,1.7073798491987,1.73558703766106,-4.66712320030156,-1.64107566100623,-0.424870774879649,1.89131609004448,0.482334850683975,-9.65735579510399,4.47037788120501,1.18725552081749,0.67908586788875,2.02669996564016,-0.808648973846585,1.79520791363495,3.95683725719747,2.22708929026916,-4.68007401448607,-4.26660496931581,-0.968984562122018,5.70951077257772,4.68071041174282,-0.582096703634409,1.00080289338223,4.41405190844337,-1.46632054674847,-1.50026244021506,-3.06539736359782,-0.675242147082328,-1.32388944374003,2.42584461193197,2.87855380851946,4.40161273458507,-0.0641648242079843,-2.42758831270261,-0.977613116793624,-1.45783091932642,-0.362065906982485,-2.73598805351993,-3.4005355992005,-9.34283162343395,0.446220044838071,-3.0797776666921,6.92356078927014,0.233338289603281,-0.68771703091071,3.9097570261431,6.56029829520088,-1.24078929066209,-4.14371905221187,-1.46058437514236,0.240163872825685,1.35792930491203
1.81686224379704,-4.01599432525157,-2.9191537555167,6.89275160646367,4.06412701288266,3.98257125163382,1.18041897819198,5.32579714422722,-0.91297352282128,-8.37705063889858,0.511496388539814,1.01159799697316,-1.68447755489993,3.61254247552385,-5.04025000427981,2.42301864388197,0.833574082276885,-1.38795697054241,2.73686781153857,4.02284812659097,1.37988459512143,2.6202583304092,4.65091934681008,4.02431556959448,-5.23822203910342,-1.69558340662988,0.588934007607756,8.31681100305813,0.0787296112801292,1.62329772914419,-3.46849624547433,-0.978109181667145,-2.52585542174869,-2.13614628404818,-6.57835431926079,-2.59997308080911,0.875385162924262,1.08492101344769,4.86274542893176,1.69364245559633,-0.763836665964445,0.211254166972321,-0.110197860014465,-0.615877508428467,7.00305008591245,-4.4079289676352,-7.04832221781659,-6.82189931007569,4.72569210364169,-0.576239280613783,5.31272660325208,4.32801499489152,-5.27235954794061,2.17235959946816,3.62253324085205,3.97423816917113,1.85149105660173,-3.55457563931175,-1.12425732340736,0.307210034634985
-0.746221213988572,-2.49277110008365,-1.59228354208946,2.32145420314195,5.59240876994985,-0.912613367237942,4.46952521151654,6.53322644035177,0.203884126132427,1.13867773403927,-2.00016224122162,-0.920114668812114,-4.55173375354949,2.42212512306392,-0.498607651361541,3.77656588101628,-4.67826309092204,-3.22173777565228,-1.79359616908876,-3.06937039044395,8.26982724992105,-1.35982463684186,1.09566484931749,3.28521140305332,1.73571079644505,-6.2661597811455,6.88856802817893,6.58357105977511,4.39315188439633,1.63942193249739,-1.92698701322404,-0.0393435575947828,-6.39649939965103,-10.63729969973,3.78718428589522,-4.01760184643596,0.36773159598588,-4.15181782232256,-0.0392628237315459,-4.02875396526775,1.38632945377439,1.8902277119835,-0.553671558691969,2.33800327848385,-0.925363798216129,3.98323282930025,3.91335863371061,-4.33663453291198,1.99550510681938,-0.0984715868452348,10.1300664880229,14.5774581537758,-4.0271129614423,-6.43724134734223,5.59930627079038,-3.59933207104258,7.24579436183783,-3.04382622950568,-5.35164393735964,-3.1924042953407
3.66368136132638,-0.384547352207156,-2.26126178202725,3.28520904956602,9.16185153812542,4.15420437801394,3.42831451499338,4.71139298727123,-5.41475813563282,0.610654421678439,4.32830940047987,1.49937798311237,-1.55740402064767,5.6512593476534,-0.235431214937262,0.331904027186546,0.109015669742482,0.221866886915274,1.28665271620476,3.95727697464055,2.10522042054632,-1.12353116358332,4.61038352326233,-1.70512775314587,-7.31235005630875,-10.5548974627673,-1.26067773352671,9.15951278843336,2.74580272000942,2.44163194277684,1.37402270802002,8.42884361328898,-3.68988874271602,-4.72442453925015,0.747267883132794,2.57222710820947,-1.20599516537761,1.36156131949025,-0.719030477463494,1.08492747044982,2.10489863437985,-1.00092335901531,3.56193539165487,-1.68073048731169,2.39798113487809,-2.83769847775703,-0.674649034365,-7.97036249235521,6.31481770846702,1.24584318838941,8.93523921880514,10.628271088789,1.64675195915866,-5.36641362641705,1.79009156899984,-3.89080838938349,1.57119251992432,0.712906620120424,-1.34967671356975,-0.572845933838609
3.68186788203476,-1.79757477828586,3.010599146956,1.83954592548057,6.14762287750379,4.06788097339694,3.17944936178739,-3.15800268116254,0.694187332772055,1.66703610906847,8.14215364389397,4.32902553347564,-3.47197517222812,-3.66370422425921,1.84015370975591,0.231796153396802,0.864677195638784,1.84492927826897,5.23940644709843,0.121895358093233,-2.4213609420042,4.99039002217975,-2.52970285195524,-3.59664218568419,0.860548312297528,-3.92568827209976,4.42975997265351,0.557368753255537,2.11240036307237,2.91660285427419,-0.397864125930379,0.595332695374134,1.05537946859192,4.06787361943277,5.30862449821505,0.547262684636803,-3.37235204144005,-2.46739816579578,-3.33504378367235,-1.19660836731387,2.99613712217288,-1.68846310522668,1.29424142677238,2.39948776577996,-2.04814655339978,-1.64839376571109,-3.91885234040356,0.352256152853413,-2.60674949812736,1.13062721784938,-1.16425482987213,3.80944912192777,6.61307472100427,-2.21657061064576,0.692404361003187,-0.946390057007657,-3.35796132228564,6.97541715569971,-1.62551015221201,1.95295032853218
4.15801897141466,0.0567171205806345,1.70240401870548,-2.33822105531664,3.62424443105158,0.0149347256111417,4.50516742887699,-3.86896309379257,-0.249559366680367,4.71030463330084,3.14207573735564,0.548120631476306,-2.15518236570811,-4.12617013987855,3.30955152566872,-6.97501515211609,-3.23212577030547,5.82916013440468,0.983762573600047,-0.508647905302348,0.0267237156892182,1.19060710421071,1.07120440353204,-0.324176358708325,-2.05695420084513,-3.93406988495861,-2.11309838134988,0.73938564458691,3.9662584032787,1.90051146019837,-2.31089700197084,4.01864802352553,-3.0391610284685,-1.35898960644494,2.14608616451313,1.35293463464979,-2.83275594483283,2.92465462669526,-1.76208981834889,2.12818214100264,0.571391063210554,-5.07300492959785,2.48312122436845,0.277030798834707,-0.78298658975544,-2.52689272940156,0.0462698323910056,-0.744462971778262,3.80658740985593,0.0676491838299051,0.268245953358515,3.33638815534185,0.664050058916085,-0.615351232836268,4.63380026515147,-3.86038266796955,-7.08375216911011,4.69939024973917,0.454416532189854,5.46714330775897
1.53570888363431,-0.38988846238926,1.78817243204812,0.0599007399529826,3.44546124499499,3.31273938783115,-1.07357628148746,-1.63525924433947,-3.37661761961757,1.29859508904077,0.591525566660804,1.22787078280677,0.519475852772225,3.94008715365018,0.858673570410827,-5.73420372361104,1.07777837766926,5.27775101007149,3.19938378965548,5.29043752438607,-4.27950849432583,1.77182692417755,5.44433953058636,2.68149165827444,-6.10176668857015,-4.99048600074487,-3.34749005727808,4.61927612328571,1.27785916227174,2.70851425479159,0.199274471709729,3.62486325088669,1.42952838439066,2.20203628837657,-0.860463776324212,4.27402848657034,-4.63291516887663,7.78075615888417,2.53020699734595,5.25083736883122,-1.43984100823208,-5.12735659885897,4.87551075588307,-2.98492162993269,1.56517081493386,-6.78740527592551,-1.88250900882762,-1.98156621498466,5.50109587256849,-3.23796724235581,0.731075143415501,-0.14660288685751,-0.98927695289156,-1.34734857905647,2.37849248520968,-0.0452564076051691,-2.24711792294301,0.916211484461045,-0.920307008852216,2.80761550237459
0.702501364925783,-3.30431157970301,3.29151301909054,4.68585530827151,-1.73925328840063,1.63268559974555,1.68982562492662,-1.17404269640267,5.40587560592347,-1.61405446092753,-0.204654854489226,1.51801030855555,-2.91085849617809,-4.4819048751437,3.40237425030952,-4.10991040817508,0.324116503661867,1.3058856416063,3.19150905067828,1.33145215330561,-1.30223075492913,6.21181901426689,-1.80049663585538,3.22468986798309,2.86630169054068,1.19915201709737,-0.820314190843728,3.25296254630313,2.60123114715646,2.84214767814604,-2.22863306065876,-4.30047416751145,-1.19480854614288,-0.464299150715835,0.61174192437724,0.272331014536655,-2.23463425316194,2.84597181676362,3.69768800373219,3.37719337691244,-1.18955367221486,-2.22673544224498,-4.30883686637631,-0.194850186184741,0.21671192541285,-3.66925028738052,-4.25939802621482,3.90750369845589,0.768482014241877,-2.04286303821308,-2.17069928674408,-3.43850954630499,-1.8174167884542,4.24155401847065,1.96107874700505,3.71230401549368,-5.11444520642371,2.99585276102747,0.245652803518431,2.79441631561379
-2.69514751634328,0.565551608491015,0.289240724569398,-1.50737954413237,-1.67523049149764,-6.62374179401164,2.59742839219602,-3.48958745836333,-1.268401419627,2.28911397244049,-1.57030403989086,-0.556662889534757,0.387872315315208,-7.6875973011011,-2.27903369493363,2.92491767320324,-0.877927308848219,0.440743464163336,-1.13003745428958,-3.47680604513908,6.29592901028522,0.551522736146337,-4.3360690056742,-0.576789215422493,7.69888158021648,5.08947117715068,-2.73256660319552,-3.95640346595675,-1.64358271070953,-4.25757181996557,-0.676854889643515,0.189380093439451,-0.376129504746479,-6.61292058570422,2.49668158485378,-0.845464343943671,4.48963241331601,-2.68238295330831,0.252141411891419,-3.11120469847745,-0.396980739140022,-5.12800080430323,-5.88382142479943,1.18687113213777,-4.30304298322186,1.01780974023237,-7.02126627946634,-0.495839437402311,-2.4891563095902,3.30551432974644,-1.04136110838094,1.39740680798,-2.93074700365079,6.53101896573276,-1.05642119942328,-2.19310397846142,-0.895823292786834,2.26833505647408,0.00233740993318277,2.88838583154109
-3.78493969638311,0.67266531968313,-0.486524817448176,-1.80705665278748,-2.21788205949801,0.268904554616679,-1.27720009175569,-0.197136234837007,-3.30847125198609,-2.71541295418233,0.228578874992412,-1.5523685862651,0.362871030214752,-1.43368309299807,-0.38366262369336,2.93933539073256,2.23387204704647,-1.01315557256585,3.70809542923751,-0.153399795161281,-4.83385620334488,3.57282667364296,-4.77610013540111,0.360154297744615,4.43321837984605,6.93755457849192,-3.42345312297608,-4.87597399006612,-5.00146318186053,-1.6864435910122,0.80122866584821,-3.09869931994664,2.91522380274515,0.959221994679645,-1.04175841191238,1.53193793839206,0.171134937216622,1.01487972019485,1.60021677702693,1.00988553411537,-3.56638550946591,-1.23652136565911,-2.28015966544098,-1.03685116119947,1.2098949206957,-1.72273976714992,-1.30416333522386,6.42807746741572,-0.503501217281641,1.25428621239609,-10.0931993626384,-10.1954857028343,-0.3912394485078,5.36302689176122,-5.99725603685735,3.67626607794835,-1.04262731461885,1.90770888051933,0.148647291587436,1.73044924040818
1.43640664998003,2.67017633737771,0.914462272360383,-1.37201586114728,-1.39130979705257,-1.64669902839103,1.67534572866835,-1.80280280101348,-0.898130768215765,-3.25682493216489,4.58560389893464,1.91781830458247,-4.14369481065279,-2.82160247681896,1.54171000651018,0.949757242711611,6.1454402351123,1.47774239116968,4.3160403013239,2.46982518790598,-3.5739144117751,8.69245604028734,3.53824903989776,-2.49882205007219,0.0371856973099829,-0.436574589115492,-7.17661486684533,-1.38237896958411,-4.95675121218467,-2.9339198401158,6.76164388897267,0.39026871871701,2.36208224831261,2.27873138521764,-3.03750874087214,3.94899816380218,3.22175011559927,-2.630862085058,2.82584999687044,2.77809591218561,-0.831570590612158,-0.957488416252628,-7.65731792193559,-0.462789016538113,-0.0372831325502127,-2.2213710314208,-10.4591672074232,-1.96234897526354,-1.77889350672222,3.89979001186255,-3.9598712621078,-6.06125476528806,-0.470315017290389,12.2695183070971,-3.49195330195999,2.78560546758319,-2.00048627440799,5.12822147226687,3.88365754917345,3.60803187513238
1.32055654975519,1.10529160259109,-2.53344181998561,-0.292048515640125,-5.30729989476423,0.452750309535515,3.14848414670656,0.684685226756707,1.37323934516954,-4.37181218990681,2.37492886104898,-0.0849499814357935,-3.20716908896746,-1.27456740976651,0.776083965619986,5.54838050485677,5.99523179026066,0.171590224094688,1.21103079521287,4.72191476477014,-0.556814162220903,2.59711752496105,2.34253939349401,-3.35046735191603,-1.69726993076476,0.696798368894292,-4.95731453400172,3.21788868259239,-1.97769532923977,-0.861259224303087,5.66086208860141,-2.74111527817515,1.65896992102093,2.71048579814876,-6.91753527714887,2.98999838512954,5.93992977749588,-4.71476872027709,2.85331339375281,7.00162276069853,1.93358947068618,2.02648074151387,-5.93655577835472,-0.101209879155086,1.12389942495467,1.52061323100575,-5.0996900615469,-4.00869268930602,-2.45773749522682,-0.578276662505187,-6.01808452934291,-6.95695013419087,-5.47897544503813,11.2080120186799,-4.40884781077812,4.03469110176916,1.58657222650994,-1.5064990736327,5.59217787059249,0.369123306768722
2.69629260425127,-1.32401258447154,-5.12037434394155,-0.213812895590445,-1.836292119207,-1.63613309702332,-3.20688356386189,-2.94900416010519,1.94063822459066,3.600672583057,-4.51140504733601,-3.85619407814332,3.72475949906319,-1.01979855848922,-1.45845431799148,-3.41749903654725,-0.764501273932949,-1.62372630458204,-3.10813350494473,-0.708360472073164,3.16317207074708,-4.33800763486692,-0.262488580558111,0.498273811477183,0.745321295604548,0.902779592197587,1.3924830180783,0.387344347703286,3.12185431539047,-2.12515682021139,-3.00826285940158,1.06483449824265,-1.03107687292244,-2.34459388663576,-0.101724634449951,-2.5327659248591,-0.0288266419938993,-1.10418911016178,-2.32514953804258,-2.35321678910085,-0.44462765865455,-1.05794717828196,0.934077333483768,1.95048482105183,-2.25397691261427,0.571162352834709,-2.90491353354976,-2.9338345369623,-1.23462438194702,-1.12382558792019,5.32787988618148,4.16731986347661,-0.137649231286613,0.150798792770552,6.48245409946336,-3.62084196367281,-1.8691471842275,-2.16921285509528,0.534409840410785,1.83529116404594
-2.76561701532239,-2.42741098839436,1.39038810795285,1.30633507366691,-1.10445165137648,-2.13332531632938,2.57709538584913,0.645456865849388,7.46600174455068,4.64708675722936,-5.21111288317936,-1.15134823731604,-2.13557010336767,-0.691902860823476,0.541661992659124,1.16980504227581,-2.37461930275891,-1.4001407805066,-5.99266374159278,-4.48426069406397,7.4675387428384,-0.224096608495687,-1.25832764407437,2.50434467633017,5.745956872024,-0.431950741331923,6.11698637619964,0.154336213983088,3.35932454585548,-1.72410936844327,-2.67997252348082,-3.16025526530875,-3.02486769254436,-4.32211859136086,2.98157772474477,-5.2750616391667,-0.499691290140478,-4.0623846743743,1.574790956204,-3.83569025853389,1.38415469738179,4.13921508344099,-4.11557886247369,0.279540203447417,-6.29727358927161,6.8635183737388,5.54981441210311,-0.984374964418587,-3.38613669320509,-1.46738971387666,5.62323463221699,7.59081635335297,-1.67949570215698,-4.10514260975549,4.55172417368084,-5.4381028977729,4.36743263924651,-4.21996983411314,-2.65728771662912,-2.02330587824838
2.92486985396664,-0.388990327786243,4.29053330126254,3.89889591625051,0.119616116415852,2.38255281745854,2.99258990418961,-1.25549418581931,3.93069582597697,-2.19126722037563,6.80468310608422,2.8041319296899,-4.17845037059645,-6.36523149036061,-0.182092873687632,5.85326495904107,3.58612920639168,-1.42070890995859,4.55408445143411,0.020810004903919,-0.691473618669895,9.45772569027935,0.34145422127236,-1.78629784326912,1.55540502391893,-0.0755823681719242,-0.455689253447487,1.71221125480932,-0.574558466992688,-1.13628462353742,3.60835353230283,-5.89775375184491,1.09908147671174,3.04384252405123,0.939091748516965,-0.423642114239673,2.4397134074282,-5.03417519806353,-0.884376718591777,2.12201591000656,2.57364485411949,2.88131876194689,-7.27933631067145,2.53628278736347,0.2685570180643,-2.06141976594245,-7.32801032353985,-1.63998688802141,-4.51901958072771,2.18368832122839,-3.00570398885604,-1.51046622207123,2.25831920956634,9.43976224355211,0.396382319515115,2.78566086807681,-3.85976049263959,6.31872350154297,3.33016233807976,3.245155591506
-3.29031314766055,1.32373161937214,2.38986446899168,0.689114793876407,-4.38411475486307,-1.27723944121809,4.34008037133878,4.23680688085691,3.48733418278321,-0.764666490341458,-1.53174291126722,-1.4263774496792,-3.93636047031822,5.43655044681824,0.550521553069518,5.41205728810319,-0.639714365234231,0.350447629098204,-3.34711175907846,-2.39076518620678,-0.109779812887596,-2.03931452927771,-1.05119387054614,-1.61309984515635,-0.272414605767025,-3.10576305166573,2.53617660058833,1.17523152338606,0.829920727297698,1.29280070554782,4.92809352191555,-2.12838351259635,-2.83289033668294,3.19808829319922,3.45195726430162,1.93973821219355,2.29878699766935,-6.91025212275715,-1.08510014081628,3.16210734096184,4.69312409294332,8.70240746387959,-3.61793711053108,-1.6673677218948,0.00777953953016963,6.61236447752261,5.26833577287652,1.2588889998004,-1.26858558324967,2.59029751459742,1.76628322738791,0.72902621297222,0.800091641694587,-4.00836888464129,-4.49798115112698,-0.247603502762005,8.09340077339322,-1.8264711834469,-0.803927005405071,-4.38492374709761
-4.19374546385558,-0.363088741102014,4.04696908346555,-0.344926000195064,-0.348389046144259,0.237881224279465,1.15754880941501,8.93078485712988,0.0388775713198823,-9.35891187281121,-0.0564420730013624,2.43259747296283,-4.25851544500757,1.6742027505297,0.657425410220543,10.2640865016992,3.1534372465099,-1.61218709232214,1.74755747360528,1.77995521586078,-0.212524636668155,6.04967905284018,-3.36616509321317,0.424817582139138,3.22608013481463,4.36367004705598,-1.12697712372611,0.286194161755603,-5.69825923846787,-1.92480211674991,5.57473949406739,-6.66834747064968,2.00415651786333,-2.08963881864823,-4.84278115011284,-0.925015492209514,4.06384103494453,-7.05160180563031,5.64646780596459,2.7371632394274,-3.7641279598174,4.32189850645293,-6.73751762578045,-1.13623297889702,0.585458207610709,3.34475697595734,-2.74511557014501,2.91999912515784,-2.69598475374841,0.482791495740254,-4.25777308410561,-4.99914164069377,-7.00037094109706,4.02971751755943,-6.95846286406095,5.38933595948319,6.32854034919661,-0.427742897505911,1.72023351215333,-1.17422168374454
-5.83006110604008,-0.222541191400775,3.50023758735203,0.495831032908551,7.37367745561191,1.27089447681791,-1.04939549848108,4.05177933892593,-9.32407645791285,-4.23806023875759,2.21498660178855,4.18767447171925,-1.35915018943622,3.04376865546091,0.481557368730867,3.17408530356184,-2.4712144963427,-1.65665075226666,6.5619805831356,2.08338939671733,-5.51328818712182,3.38249050263073,-3.81051537188606,2.96808684198272,1.73652393173075,4.19033819022642,-3.54188964758008,-5.12355645514457,-4.27778700220941,3.14874629750321,-0.993580888367818,-2.25344152191797,0.280221947568711,-1.8745314558332,2.52541516425259,2.22456911825171,-2.84092656010171,5.29542132392711,1.02436200882246,-0.47105062601766,-3.12026943176813,-2.03806576139564,4.35633467347957,-3.06246111397948,2.17260764019496,-2.97368238282285,-0.908512099179931,10.1864721357445,2.01122167092096,-0.156551578069113,-7.26607490782103,-4.62062509149148,0.0405412198521009,-5.29157040944721,-6.61261793800674,1.48321045250863,-1.42322000030816,4.07616252808509,-3.88724916474598,2.1225539266656
-1.20842860268658,2.74433305580196,4.2669906976213,-4.60162897590439,0.374645233953815,4.85715590603862,-4.31354239652468,-4.45427042273883,-4.1295709572801,4.37695945816259,5.0375694921507,1.69958458440485,2.07973732855544,-2.3129871109244,2.81366054338978,-0.518947266682097,0.0328140343416916,2.84331347524599,2.746417873254,-0.836505791187481,-7.91349263247765,-0.179735874586725,-1.810136158096,-4.53475103038598,0.315277771079802,1.18712348730506,-1.79724461706267,-7.30603592757096,-1.13674561145475,-1.33677984852537,-0.287555801664957,0.26323455876985,4.02309797279166,7.66220770581588,4.75526423279879,5.33338514700551,-5.23260074255594,2.42138810718539,-5.13776441099977,-2.40532111676355,-0.927283624314328,-1.12884073140655,8.15426003815905,-2.35298121649162,0.578933747595531,-4.31093132383759,0.898138145764601,7.72731066674218,-1.35555399644134,2.81298955904243,-5.75857403376341,-6.3575491318392,8.26617266930119,-3.06181126561798,-5.10840098870651,1.88405098738944,-5.16435766031165,7.24440827201106,-2.07093613753649,0.847602128608799
0.696462988359789,1.87735777284984,-1.19771234678681,-0.154776990704218,3.96487414743119,1.75016020949664,-2.99855158380785,-1.04613420190111,-7.35624885941067,2.31884551565391,8.81101289150528,1.98404116585278,-0.555139469079818,4.84486363777226,-4.05812451614181,2.36508226578982,3.7995318247148,-1.1351634517765,-1.01968748657753,1.03196355002065,-7.95447386884198,-3.58063925832003,3.34366533646441,-6.53188291515105,-6.07255503367625,-7.69268875188271,-1.7702452354835,-0.540978726201097,-1.36257301323812,-0.937197711472503,3.87121396621764,9.05705901856332,-0.612908362543192,8.92212185073469,4.24519588295835,0.0392022890995281,-2.01973319208652,-3.16278789081033,-5.12004933015478,-1.85531868887855,3.87967088121861,4.0865907737536,4.6314438839053,-3.09189584028391,6.90114900279319,-1.94450701001363,-1.20657609702945,-4.6893149226973,0.585258626023638,5.07977862107026,2.36605641671663,3.29616726385499,11.6029123559318,-7.08410727934533,0.205275804917885,1.09408798944705,0.882902788189304,4.98501645006649,-0.427845223866455,-0.496051678281696
-1.55448037239282,2.85705903970374,-4.69574128621499,-6.20491310686981,1.76677398600753,-0.700196488489218,-4.3570691073091,-2.72726074723345,-7.73721588887973,3.206684459944,1.24055226389076,-0.664977764092981,3.89117182774754,4.78858332217588,3.08293601629565,-1.99560509377685,-3.16173782162237,4.00829440212345,-2.66752838179575,-0.847961224741734,-2.7092657090239,-9.94463799784619,-0.136149837863636,-3.81537860401653,-2.92273729867188,-2.05435584760203,-3.37698782517049,-3.92543200408613,-3.80568105776269,-2.25796189212992,4.4346268288369,9.46789725985628,0.66793918773989,1.59447267063909,2.37008876522952,7.15382536653441,0.193610831156994,3.63321826731536,-4.9216268999341,-0.321743967355495,0.10041141105525,-3.71982692628959,8.83489603361255,-1.11549772118019,0.779582466416882,1.27816200831951,9.6350106256863,-0.710322204628873,2.99273032199514,0.334565837211098,-1.1138751536976,-0.818498528209159,3.16020008856907,-6.81895879113267,-5.21606882412865,-4.16965431842577,2.40663077366765,-4.39068344731434,0.474445620406559,-1.80323427011958
2.73927853136977,-2.69885946333695,-4.61123082321501,1.66232314822548,5.21137061707268,3.42008174923678,-3.48491533547222,-2.82333121123513,0.650996355970456,-0.635811023177066,0.350335873666873,0.655450528095324,4.65032774571228,-0.422655786003973,-0.739357084163052,-4.3619790532439,-2.81785824939169,3.26601407965906,2.17738208146899,4.67384958024559,2.85469124689793,0.0115780207634251,1.38919926203894,0.541138097200261,-4.43863876299032,0.995612796494069,0.497470336869689,4.29678081596212,1.94269358994674,2.95370379588675,-3.41730475376161,2.24193918416998,0.771811987393417,-2.15166838702143,-0.866062604741831,1.66443036234374,-2.20576567536954,5.08220215091949,-1.8123831567381,1.06479622565115,-2.30474171503506,-3.3435463123436,7.00599718495033,1.69866319727709,2.03630272075248,-3.67808922648162,-0.0859728424739707,-2.98492150418692,1.68420486011157,-0.988376339873584,-1.67590227017168,2.13093116199244,0.547376260263985,2.1943288637313,3.66388019008391,1.41853791828348,-4.41825345546093,-0.66525696285088,1.00561571380113,3.35883615537586
3.25826571951528,-4.17567971074084,-0.262434397732143,-0.125668817792802,5.09853033621865,3.35796449111468,-3.89628791794688,0.635008681532084,3.97948938743537,0.72052918134427,0.117788712753633,4.87675421966111,2.9732497140708,-2.07016889322546,1.13301306917577,-2.08345418702792,-4.2749636375342,-0.865306113781509,3.62540430108607,2.87877622740274,1.65887956950055,4.37123340005171,-2.42977029822116,1.40894825345816,-1.12014060963381,3.13426362972488,3.14738925825274,-1.75423176160617,1.3492160964255,1.45416839537669,-4.39773480591751,-5.76835551854207,5.18874178620798,1.94431567483216,2.99157949604961,1.24464739784935,-4.74532932654741,4.75375096222286,-1.3827533901147,-0.135873914619434,-3.06236641493955,-2.48833923488999,7.30895220286691,2.10630152704667,-1.89373904822806,-0.202926887061379,3.30646580190814,6.63995096717683,-1.86020902608024,-4.5024620898664,-2.435913422403,2.55897518662744,2.29617169589376,-0.185134569205432,2.33285681650325,-1.38950151752369,-4.5020372099685,-0.173299825441401,0.483532671923139,3.3905725000625
2.85441136128659,-2.54288217966841,-5.60956411108186,2.90477186265817,9.63419279325842,5.79678292280252,-2.08340326917126,1.84918935606292,-1.2352642762731,-0.0030408999635283,6.24033208503531,1.36933541775911,2.2435289311016,-1.63985534615489,-1.18387521992057,6.2110281637192,-7.92582874778097,-2.42595442683147,3.8280045587649,-0.116889337752947,1.45979344977882,-2.96063588616601,-2.90682869901616,-5.26888387520724,-1.30841029149868,-0.0478625355718033,4.36886109382539,1.79547069520487,1.53879744574241,2.92251452617273,-3.9568684868734,-3.34056682335895,-1.75063282812594,1.19538856970633,2.74352596730147,-0.171150597311744,0.406493942308843,-2.86390095035017,-5.81946040213429,-6.27464474968646,2.17552089257953,0.877881830036581,3.24806663079664,5.66489637925908,7.09141425825657,-0.614720690777874,2.12821810412654,3.32984253258908,3.21848824199098,0.874294627651002,-3.00192174250797,8.32971001662965,2.43603213851736,-5.71515546390739,-0.814631249587559,0.115148317764949,0.871363489270301,2.94794054861489,0.0179088783444313,-0.296636275868358
3.19661937183822,-2.80172292293217,2.70174413019229,2.99810151678107,-1.39684000478784,1.96490838869415,-0.794733390871728,-0.268410090857505,9.19884189871197,1.64257823861642,-3.84028598027728,-0.704133645047624,-1.57922975329896,-3.3969198016497,1.77246611979125,-4.20904407533289,-3.65097327759348,0.997818834834326,3.09604649354812,-3.30294763204066,3.0571478967012,3.29948757610719,-6.54184262587089,1.63437195834342,1.91527681007882,1.55059030926871,3.50248236157657,1.2357116967464,3.34905729829501,3.33550547312514,-4.09587835924703,-10.8094351504411,-1.04184958758966,-1.16840485173163,1.11113200593403,-0.1269797710614,-2.79275800901755,1.1998213351738,-0.573071944592221,-1.16158499230626,-0.374395699509508,-0.562258860679808,-0.0249276089649585,3.36612498926313,-3.93623867711701,2.01019814410153,2.13775250084664,8.40986707256111,-1.8030724296372,-4.66133532577662,-6.10727779368139,-2.86062007572864,0.876080649786968,-1.03314055142176,0.938750426061978,1.2150229407166,-4.13940476542947,1.67285677465574,-0.451224816756804,3.50105280174253
3.42722755988303,-0.618222182554203,-0.528516127527684,-0.695720272910551,-2.20975834614014,0.378428166397976,-5.05977526352231,-5.63174936508418,0.258757712663911,4.10769987938683,-2.02588029454865,-0.804427738477892,3.02369586611301,-0.821826128596401,-1.88298730119683,-6.99743725984666,2.30607406199722,0.675407040946735,-0.692637605307757,0.860797115753077,-1.59935231983749,-3.65164736663298,3.30268596561088,0.988732075544859,-1.57963540874381,0.103734867436214,0.688631940055361,0.604933938686959,1.63288352049493,-1.9421614438531,-2.60146023160649,6.35260126184431,1.58548159839748,1.87453642357662,0.22195203178172,-1.04256627663063,-2.07777530210897,1.57411132405279,-2.10000719195287,-1.39181005206215,1.03544043597876,-2.11393940832402,5.21449100214261,1.78854534200426,-2.20177935232294,-3.33963975523745,-3.97958079993279,-5.94024469785616,-0.723560781618705,-3.252945274684,5.29634976001867,-0.42394828939927,4.73058340615375,1.88933759206822,8.72553876627118,0.00350192224279788,-4.53304380777744,0.0400183906957182,-1.4804062007382,1.388089558957
-2.79826979496293,2.71989896651406,-1.11225851326477,-0.421490667369809,-3.566128664082,-0.693707208855031,3.35434391615798,3.02515895539017,-5.06026282259068,-5.75307238388623,5.0739873276862,1.41672459356599,-3.74078392743498,4.29659997141008,-1.8963108971128,9.77661182988043,6.50543884379465,0.0779479138610699,-2.93076605489256,2.66533718604955,-4.25285682920687,-1.2327580745386,3.27312464439982,-3.0714500277302,-2.49970506654096,-0.621777679611248,-3.54646289162752,1.09680949027228,-4.9889924993063,-1.78745617253114,8.44816366638983,3.59248984172528,1.78168931190949,4.46252235971471,-3.20817973090359,2.91603996082561,5.21515998778383,-5.17531300974566,1.9964715219965,3.00742017529998,0.277793691126968,5.67367430427802,-2.67958235979168,-4.4298159166202,2.63763440214167,1.86571995638597,-0.519316692962206,-3.44779329812726,0.186096452349361,3.40340770938526,-2.52819715298735,-5.11735270880653,-1.29152076644909,1.06443673365426,-6.97349464880707,2.26843346932976,4.95368609492068,-1.16373764523662,2.51070040184342,-5.46960792353498
-4.02453851438139,1.92718724563395,-0.114162251409649,-0.475274986249994,0.797556704747343,-0.165645721071714,6.14123197443315,9.47484545296227,-2.93401237542447,-6.07732616094538,0.462039624708132,1.37361841815661,-6.90708837679688,10.6490304791648,-2.10660704374679,10.7399880512127,0.123411082301327,-3.5258779258831,-3.155515622116,-0.660211240019974,-0.386441340093746,0.721791166379139,1.96726163209682,-0.317305907921234,-1.78107355561227,-4.33557186460188,1.65437245414293,2.90309553164233,0.379105351079713,-0.403543621627885,7.80978516775996,1.73038014700829,-1.96137003774236,-3.16570807787813,-0.337955704122723,-2.81803829009634,4.32185872555481,-7.9418106377661,4.84841667144699,-0.798033624564711,1.56343841147805,7.8889316055873,-4.98893398417424,-3.23356835487383,2.53660849392992,5.74874347744616,0.279075074925552,-3.59653985103839,2.01565812096147,4.57445053402972,3.99773381510445,4.03481784652575,-6.45718016988335,-8.06406058972741,-3.81438351286157,-1.51910444720172,11.7701658995332,-4.60321485358355,-3.14311446581282,-5.96658761735451
-2.37487053747958,2.5734165245433,2.3744946233799,-0.703145549029592,2.07705883738497,-2.46522621637407,0.564976048016153,0.223560910882717,-7.09548201343228,1.15361532641389,3.49113600239305,-0.112652817527972,-4.49354711979457,2.47924291838515,-4.3597451781839,3.96105314525527,2.75908208349908,-2.16405632546901,0.191859944558586,0.0365301486203323,-1.98899432304279,2.4790067797285,2.30674521686497,-2.47398926430761,2.37354037931225,-3.69091346043966,-0.497323887331526,-1.14007641227687,-0.819973874015447,-2.59166538056547,0.306346855803539,8.04307913488873,-1.63587441921465,-2.00094455999808,3.93321392526409,-3.76900052162327,1.73561043327991,-6.24947111793415,0.404106219264819,-2.73034760301928,2.12503528180902,1.29628778890728,-2.54804057843563,-2.01438747324993,1.98728423560036,-3.78703739348571,-5.88014984526276,-5.22787683655357,-0.516453931120709,5.46887848820441,9.21056879843559,4.54175386899623,4.67910413216412,-4.65946193801385,1.43147482887045,-0.992259284414013,2.06954026697809,6.60373757100958,-1.79266703433409,-1.6084672785584
-0.664830126255167,3.05451389840235,4.24932605250128,-4.13729297822244,-7.05637832794307,-4.37607428291482,-1.56456650022866,-5.46699314219401,-0.0706273884656732,2.72654589713086,1.108860475113,1.30024298618459,0.252456643242417,-3.35944638009607,-1.74981822685698,-2.56074443731693,9.77665788002799,-0.587599649485397,-2.35582787397781,1.58760213674786,-3.36987296914711,2.33174007562316,2.13223071270686,-2.2827375805952,3.62344267247854,3.25432881498967,-4.77029332593751,-1.41119892086646,-2.07419372230421,-6.09939380234611,3.96432063938164,3.48446604123377,2.58769789489744,2.16609129405122,-1.68501506878216,-2.32041332110612,4.32705373734798,-4.20672450954804,1.7803257261686,0.265601566636348,-0.810635583663939,-0.971958611911585,-5.78157698557311,0.381853311213016,-2.99661484076402,-5.30996996211319,-10.2047703231265,-5.0586306513719,-4.55445980685249,1.88064286784399,2.50734842113223,-7.35728505585358,0.726214788563553,10.051255619821,2.02877463899304,2.57768692274409,-1.92461342296345,2.05799589122067,1.93930879344213,1.10961209518527
5.58899465046215,-2.77016923895455,1.74854046376409,5.39539264344379,4.61288317549079,6.4132485730298,-0.973254320823781,3.29410471540284,6.15720296447187,0.0356797272356224,3.42620720489646,5.00674025510763,-2.93663679834063,0.432848147765649,1.44813473507594,0.737240841107415,1.83680282220553,1.29771515799844,1.79719766481857,6.48666486233398,-0.137927579764986,5.63045604294435,3.16907620972464,1.03337905571776,-4.86854485058107,-5.7825746193059,3.80074144347959,7.98068028909339,1.78631939941384,3.55565463302159,-0.232262013354597,-2.85664330852572,1.83078028730057,0.376400786829043,-0.350069920494118,-0.420277701613335,-4.93215644568597,1.99250631260987,1.39919976993179,3.1762773772581,1.44781795962507,0.112574929107079,1.23984881951299,0.571392379827179,0.0326361397152273,-0.0762815324273327,-0.671818789664929,-2.62139049594368,-1.21419653519308,-4.30734406045688,3.42957670390468,4.16047312772755,0.271827142154051,2.69405954458325,5.31829920407434,0.677482458435015,-2.21887112763195,2.53418483169005,1.29464646581254,-0.0811021339223363
2.53679826434629,-0.0556118451704797,4.22441576074212,1.68632915403904,-0.318211049391877,1.04380483718956,0.26160340257596,-0.399031945673779,4.30349194677086,2.31970510114167,-2.77579332235549,2.72502833291852,0.332787186567972,1.00263115711306,3.51509698475153,-6.1723424758202,1.64435441929151,3.33919718853578,1.0180690355108,4.14332129536544,3.16890200248717,1.27892965857399,3.75063669661002,4.32078080519583,-1.25484242733108,-2.12299210631081,0.693317658147211,6.50386938522789,5.13653988382043,1.20408272786325,0.618125360417349,2.09339371921708,-0.056082787468392,-5.2583182609649,-1.70114614067157,0.146297330490945,-1.78048903428903,5.43176247213687,3.41235727649028,6.45474055428482,-2.51918314683232,-5.07083100935468,-0.604467218824971,2.00802261491024,-4.33420138211008,-1.18655428858838,-2.20096769613338,-5.11829704380292,-0.0509729239258361,-4.7539080002994,5.81250140761734,3.98099863863606,-3.13633331576201,5.8729774856225,7.09302806035995,-2.55198287853015,-0.312341728601903,-2.15970970571461,2.56833325454064,2.35675868618378
-2.11538267631935,-1.14435661563575,2.58941747820456,-0.636648514576708,5.55084054941753,4.9407372268969,-1.90313571759794,5.22191970663456,0.843591717901272,-0.630940121473493,0.432997211820696,5.62458336984533,0.0225771216944095,7.14965182506704,3.47175028560635,6.00694982534318,-0.336469263870212,-1.64164042274355,0.445294140391964,2.38202768542194,-1.64649203519427,3.11190534243938,-0.354209041806575,-2.43425776051292,-0.00754076727791575,0.744181201314664,4.15292406145891,1.51481074431959,-1.26028293339325,2.92831757747208,0.164444984548649,-2.3787975910779,4.56463144598084,1.64803405956587,2.19455128844845,2.87051753059467,-4.9144415994194,1.79299234750662,-0.210734602193816,0.503348292204321,-1.78127844826608,2.94892976538138,3.52818515479661,-0.542908486987336,-3.19202808901689,2.74699588722431,6.30105717239589,2.76036877583818,-0.395609514427244,-2.9300689827514,-1.22230650158166,1.91041324599446,2.7834647539384,-1.90240628957001,-0.885686853529453,-1.4018678197296,3.41303538005707,-0.701338019734749,0.740348474811248,-3.32799553653488
2.54314735442078,-3.21450951920377,-5.3166238853328,0.370857812606619,2.67027869075405,-1.22345974816654,-2.70061950575881,-2.3096045947582,1.05564081880474,3.59396443209236,-2.63725442271144,-0.428513104723162,5.48450760804696,-5.43529880281659,-2.62793081139503,-7.53203326866777,-6.5103429132507,-2.33921499685653,0.230931600785158,-3.6339476325055,4.97383938097238,-2.60694501473904,-4.33712177491886,2.7554920515866,1.43697187098763,4.22832146897013,4.19212361785934,-1.33934180974378,1.74781813878103,2.23514185292254,-9.49373000477503,0.0601706652438581,-1.18157610178664,-4.01178436255201,-1.87641204166207,-0.932219855503122,-3.06430039223104,6.88853245775364,-2.19980144531719,-3.73338711439203,-2.45159302318894,-3.80873699335117,5.38332184748503,4.66559772005754,-0.124382062119923,-2.67977557192572,-0.750379003227469,3.683371376525,3.49451463059027,-3.28334374682713,-2.012945325151,3.08391251367395,-1.06832107010204,-1.42898138376993,3.89843322660008,-0.775671515172795,-3.61643811337362,-0.660078028940468,-2.45700767045184,2.26207742601689
2.71622395704112,-0.906060310629956,-1.90245860470815,-0.416112516064125,4.47433163556939,3.30481520862405,-5.18064202312229,-3.14561960974915,-1.58380351301303,5.71786873122744,2.11061623956065,0.213889432123199,2.42261761924783,-1.08707522681991,0.898504808067214,-5.03681962480833,-3.64920246239274,-0.12079976057365,0.0756146085864756,0.742606104466025,-0.384396514539622,-4.49350602980626,-1.14889674365824,-0.460884240783512,-1.7590083023897,-3.52587235576468,5.33144425535826,1.06881429266341,1.8488273253242,1.63334006673567,-5.38776834568038,4.67243007538704,1.53879072820258,3.47366551544658,4.99860725691101,2.64162677284793,-7.05943049144744,5.9930016495559,-3.94538185135597,-3.29120922729981,-1.2179054551124,-0.563017778177263,11.8340264191138,1.07056256743264,-0.672438510873956,-1.56307960918585,3.78515573681125,2.81905479739213,-0.486731867515497,-1.80100632484217,2.37827141959153,4.86656831307152,8.95765506572287,-6.14303336563224,4.33265470884155,-2.88897005424791,-3.01813104190937,1.46928082163425,-0.616405564230827,0.787735359342622
-0.183804728253593,1.61729621180335,-6.0333698067963,-2.18224859848711,2.04292539804942,3.17839997014761,-4.6326978910226,-0.697643850128424,-2.52323723742423,-1.94423442049911,0.0862778757313662,-1.81304384195085,4.54783650279894,0.81803057325575,-0.228623529059394,2.26321491421242,-3.5224678502712,-0.58903037825591,-1.3718855053684,2.40529082506007,1.53458174829547,-7.214658580046,0.544143059448782,-3.81950081737275,-2.00035798766944,3.56537298064742,-0.773231827854444,-0.586263919150467,-2.80786103260398,0.291178895204077,0.726767202569582,2.62369026259559,1.70211740546874,1.2722999678213,-2.55944878786351,4.25437039578312,1.98392758160806,2.61159209469057,-5.33972579618249,-1.42104668260387,0.836152055490448,-1.60089788914129,6.03576704286256,1.15371268493436,1.23964020912257,1.96358692848734,3.39427704663126,-0.294758105606071,0.671276664388265,-0.436242838607388,-1.6897314474159,3.56448653390312,-0.0940460367306015,-1.91368506296715,-1.46149350634608,-2.4550149629358,1.96838526342418,-2.64650471164346,3.58941318462862,-2.77478417314049
-2.14736537248483,1.8895705451699,1.48501592876882,-4.22038228954705,1.64068517732116,3.0290609628917,-6.26595992536681,0.481011063736425,0.570539178225218,5.80269904215196,-3.99557047765513,0.16912167205787,4.03220182350659,7.81284901828125,3.96954895734981,-0.754206491120216,-1.14356649854019,-0.611522649550098,-3.44619545096141,3.12188968384762,-3.46039804839794,-6.09776372195807,1.0236059119775,-1.35181059301196,-1.22532336908398,-1.23154728329506,0.313928161376181,-2.95203611335375,-2.59755709911549,0.393823439239235,1.62936708911486,6.59906979842896,4.4064680933571,2.75795505269542,4.40176053130976,2.88064224524466,-4.67478571997515,5.01601679092572,-2.78474583087368,1.40230286106893,-2.55218037893258,-0.00801335673871872,11.9020127243622,-3.16559898219218,-4.04480994448051,3.46431021900576,11.3879390613141,1.78175994439639,-0.371344251038245,-2.53914504141186,1.09453060138265,0.433660322871393,3.60765192228053,-6.28198183515303,-0.588965081192282,-3.87937585848787,2.50572999785158,-3.55162589977837,0.339580633507765,-3.58577229456246
0.0287628556782797,-2.05522978030296,3.28071843459449,-0.102332978857336,-0.654232972937835,4.81026220606268,-4.15847197815256,0.95543311510029,3.92846884177565,1.85726506042251,-5.68836638061907,1.92591579151261,2.30364133112943,2.70937519102516,5.42645993741468,-6.83881983017337,2.49056138154831,2.66438098278686,1.18348656569264,4.28917524882012,0.660414606436129,0.537529189453438,1.32597176801775,1.74163776788185,-4.4487578815947,-1.77613608012427,1.310805514834,5.34340168574519,1.92063717487417,0.0395770586242592,-0.245956278621999,0.653199529579354,3.24672596564075,-1.97588165459442,-1.67370215794375,3.05984504088739,-4.09992595497665,7.72270250982685,3.77269712742597,5.67771923912656,-4.35944460047976,-1.91020419092237,4.29352773591559,-1.40598602480914,-4.50217569073964,-0.685973041066839,2.87846998158777,-3.81004232563058,-0.184069750370706,-4.57148731365942,5.11201448348815,-0.575216709569652,-1.70319768040086,3.96223689836343,2.91700138497633,-0.0406672629356066,-2.10001519835246,-2.08184855664857,2.8781438741926,-0.144446629544015
4.95933465114449,2.00268471132577,0.899370880331974,2.32786305572755,-7.76338661773474,0.0730728599986853,-0.868600775110345,-4.59972415020562,6.80393997286743,2.67002114238529,-1.871327584423,-0.210563046574086,1.03174877048786,-0.143433207973279,0.403391681202615,-6.81449782700436,6.10391280439179,0.827624831848254,-2.50226375163508,1.27754940499587,-0.579542974367074,4.95333006177501,1.6226151426353,2.75998764528937,-1.02576327390331,-2.06550247022039,2.27888111068353,3.60752033897524,0.397579097783226,-0.949734499765563,0.0859919527376621,-1.92919879077699,2.89452937655108,2.91915770881209,-0.612106438957006,-1.93512784025709,-1.09470267423469,-2.18130573667827,2.01651742830658,4.42814074443205,0.196350573257386,1.57269349102951,-5.28165296115471,0.738115341011428,-4.93649898543902,-1.62215471092075,-2.02715625779732,-5.80645885746751,-2.65062770448591,-4.37378422570716,5.20717068134085,-3.23715057886599,0.81790615814944,8.32240249763819,7.41619596845827,0.47265963981319,-6.91718465956672,-0.2679467769936,2.87152479589326,1.74777074012965
1.97331107749261,1.96431834476915,0.967229864360485,-5.28671697804104,-2.86784947751756,2.57098925220222,-5.36363342738387,-7.24074848921468,0.411583337922853,8.15899594778971,3.39205230001269,-1.07621855162581,3.69174496374703,-3.57521760427211,4.14083922997585,-3.82086840220223,2.36510169937409,4.04054762146508,-0.846279493535091,-2.37402549947187,-3.5946645699529,-3.14472885919134,-2.36510037764269,-7.66994703708981,1.34253041718079,2.62189178626565,-6.02089883753038,-7.28270077039004,-2.09829126703532,-4.52226227205372,2.68734409245913,5.8128008436043,4.57489395924486,6.75336311158403,3.78021187929941,5.81833181160642,-1.28501796470978,3.57444574328308,-7.07461523423863,-1.64747151935843,0.79166690727524,-4.3094395982192,2.3642976953464,0.771120380117279,-5.5333226145782,-0.715809027217976,3.28518140547384,3.74224178942214,-4.14160837405842,0.74712376766483,-5.12892129218245,-4.86705626168508,7.90894140652065,2.4745529706005,-0.267137494031813,-3.13048614824807,-4.82517942132069,2.95906423959426,3.01573278907486,2.14404568010089
-0.200331432273568,-0.544496871573106,-0.435269666356112,2.16378339880148,-3.52765996048722,-3.29381729858448,3.3382281416298,-4.99614047397181,2.66690565392001,-0.425893213247498,2.36915560140126,-5.34761516374103,-0.178613624443707,-6.04191282320442,-1.39309695584504,-4.11413525683994,-0.788810656285812,-0.887613212791458,-0.0674027563147298,-9.77862323072319,-0.466215785003288,2.00721551379304,-6.73072894115837,-1.24201969259675,1.32120359420909,-1.00197904254454,-2.1837845175301,-3.79582202869396,2.38285569861377,0.710164447080907,-5.74615775399495,-3.66051818579783,-4.78856653123054,5.6350948720306,1.49442758308962,-2.42099538206508,0.580710477183686,-4.9784517705077,-4.25743159049407,-4.36416994175612,4.76768133134868,3.06596244634018,-2.75521814018528,2.25774984394139,2.83280129637248,-2.58583005134398,-0.737190150715552,10.3773136080477,0.119893115062557,4.80576727854302,-4.15641852238079,-5.62602862434188,3.90141502301855,-3.90820495839179,-3.48917798271692,6.62683739924675,-5.05832873869136,4.44368367131726,-3.71133177333136,-0.355394311413719
-0.76664896504317,-0.0399603834216425,-0.383963795310577,-0.291155753407785,-6.1122517633773,-4.63888946176144,1.91544463011917,-3.89286824956941,1.99565254015043,0.888040847091843,-4.10397041592731,-3.78147955117901,-0.220730357453917,-4.97226603794749,-0.588010924893528,-4.38782280351595,1.11255211904316,-0.724237215319969,-3.3800310690764,-5.55732850270104,0.553738020912623,1.46435904349242,-2.75070396123904,3.75914580149523,4.72218593345985,3.74402506482691,-1.55698897322618,-3.11254147125861,-1.33500985777151,-2.07893273419193,-2.1488503521638,-1.19976206936103,-0.529876936885771,-0.97227410561319,-0.0918403461832478,-6.0163038759931,2.5138582398068,-3.10110414722178,1.56583076384628,-2.09933675929549,-0.229129964551646,0.436545673596837,-5.85361372341224,1.23424248393578,-0.667047226885948,0.395273789254621,-1.60942021596357,5.36527888911902,-4.77125627111132,1.46076631406597,-3.17613372309715,-6.5647637389096,-2.00670184918917,4.05909810134511,-0.402229276665715,1.37735263016582,-2.87653384098227,0.249849893011216,-0.871454557441629,3.14339462249186
-1.81964609116953,1.15069442041194,3.57010289397973,0.0505080066794528,-1.82521035262673,-0.398107114893962,2.41558938238644,-1.86404986710498,5.76857667562385,4.70877605679249,1.9919256382471,0.426922921294779,-3.33798350932466,0.0733359269454833,4.6399467031392,-2.42806042420745,2.76200926393758,3.1055101327912,0.444355017504971,-1.35248568923022,-3.21067435116595,0.535609343697151,-1.42870693190229,-0.645006337395136,1.12353050845222,-2.66851394310255,-2.40206235001022,1.6064044976871,-0.92646887448932,-1.58651539529923,4.07045453332667,-1.98521247150735,-1.00893753607821,4.72784302629947,3.90350016120872,2.59144802534631,-0.638201176631264,-0.53216078017298,-0.822826650929948,2.73582205880159,0.776769499588395,2.28281280261018,-1.96536042587975,1.35802541964709,-5.13983792792434,1.38949788141551,3.5217384431588,1.71928858468355,-0.198711287101214,0.955692742673936,-3.62280297120209,-4.88233228876086,2.74278804802886,2.52258595224476,-0.947931751840798,-0.543692261215395,-3.35444218917417,1.57529034624444,1.41765346195277,0.811417706452388
6.48527770617937,-3.40283453093343,-1.99091802062172,4.25271081450063,4.0745559955951,4.07558261523101,-0.055482268813503,-1.7108030880456,1.55651410967157,-2.14441501838583,5.64678043554115,1.61713319559443,-1.92675862968646,-4.41928505879369,-2.43113230934391,-4.77398285373487,0.830093459891156,1.09126260105416,7.78021436071985,5.20564068177404,-3.6549783116306,4.93277393959942,0.366753612011125,-0.0794297901967692,-7.22854689837554,-3.42737508807067,-1.78533647356428,5.40080266295526,2.23669096356651,4.24865341196624,-5.30622355315987,-2.21180665636661,-1.44875776809803,0.752579655526686,-6.65371647549532,2.5821319313505,-1.86686632038523,3.41555869330841,1.64904852105389,3.41066484750038,-0.205636548720201,-4.19482620160003,0.0796253706238698,3.12582036303295,5.55612185243535,-8.02841308347945,-9.8060270609295,-2.3547646791216,4.51568650771194,-0.0134227881189926,-4.16209832196809,0.882448709376914,1.15899475544075,4.92988544196752,4.42576766539052,6.83524260519727,-8.19417609385904,3.84478793406067,1.83908065854708,5.1868667115319
6.18117973598365,1.789213986904,-1.77873337501802,3.66241529476931,-4.72710052335427,1.38902739951852,1.0817248713533,-4.22234112435588,0.204468237280811,-4.42180794064833,3.32318262837889,-1.12823680790308,-2.75144598324811,-2.47253317286849,-2.7626619818629,-4.52137659774835,4.56080033749138,1.8431806260966,2.41637540122295,5.32121720752052,-4.89394332001775,5.16959674393159,1.11595567284924,-1.43453168956955,-5.23210820528042,-3.73162817775826,-4.81331571869036,5.10405134975474,1.14695721572194,-0.764670391069148,1.2308358294783,-1.17900951462493,0.00787475827289305,5.73114913325824,-6.90840368110992,0.369025472144792,2.02412221450743,-0.200333774188236,2.16005622576269,6.31572920921845,2.27085292656676,-2.04691841792855,-4.81608091206931,-1.46284879143969,3.47325971586861,-5.91548266835237,-9.38694672899642,-7.70256322854274,0.999970805328817,-0.982480322926592,-0.376693972709063,-4.82141235439633,-0.511499229384827,9.76241140487637,4.18040900738548,6.24336919821672,-5.93206731094175,4.43126441247945,4.00450789290196,2.15946129998378
-0.092485780325519,1.96566312869573,-1.87356153244654,-1.43630731569551,-5.05625566438842,-0.0635016591046152,-1.60896340546792,2.57333891791522,1.69576258511668,2.90931104419431,-7.14102520449442,-3.07376456984151,1.28413316912381,4.6874932148416,1.21460357863171,-0.522534263677246,3.23762206610139,0.931571993508479,-3.11677911523104,1.74306618163871,3.10340194817426,-5.51448282891692,3.0322656521607,0.721545113426796,-2.71507411896175,-0.104062492708406,0.977754240897991,3.01982916384506,0.384969081879189,-2.05248655993534,3.34607119511043,3.24184651272771,2.46904575514588,0.244096951854212,-2.80794182740834,-0.0523897651590846,2.48065608268974,-0.101419738191778,2.32654821488301,2.88587985415651,-0.05078310396687,-0.350453263466796,0.89777901264009,-3.0287389218479,-3.10382881293446,5.15302554630633,5.76920361790204,-7.3703447213277,-0.623892211920238,-2.19370881086783,6.62180035357696,0.764887983331296,-4.04619518694215,0.353291578328944,2.56378552135367,-3.26420184606535,3.77082536217513,-7.24270242226022,2.09937080058515,-3.76979780556926
